1 0.51484375 0.28101851851851856 0.0140625 0.019444444444444445
1 0.5213541666666667 0.45555555555555555 0.011458333333333333 0.016666666666666666
1 0.49895833333333334 0.4851851851851852 0.007291666666666667 0.018518518518518517
1 0.5200520833333333 0.5087962962962963 0.011979166666666666 0.017592592592592594
1 0.5567708333333333 0.4342592592592593 0.010416666666666666 0.020370370370370372
1 0.5778645833333333 0.4305555555555556 0.009895833333333333 0.016666666666666666
1 0.6325520833333333 0.4222222222222222 0.009895833333333333 0.016666666666666666
1 0.65234375 0.4388888888888889 0.0109375 0.018518518518518517
1 0.5875 0.538425925925926 0.0125 0.015740740740740743
1 0.62421875 0.5282407407407408 0.0078125 0.015740740740740743
1 0.6299479166666666 0.5407407407407407 0.0078125 0.018518518518518517
1 0.69453125 0.5425925925925926 0.009895833333333333 0.016666666666666666
1 0.5671875 0.5675925925925926 0.011458333333333333 0.018518518518518517
1 0.49322916666666666 0.6958333333333334 0.011458333333333333 0.02314814814814815
1 0.5341145833333333 0.6287037037037038 0.011979166666666666 0.014814814814814815
1 0.5744791666666667 0.6018518518518519 0.009375 0.020370370370370372
1 0.6184895833333334 0.5976851851851852 0.008854166666666666 0.017592592592592594
1 0.5645833333333333 0.6273148148148149 0.009375 0.017592592592592594
1 0.5583333333333333 0.6375000000000001 0.009375 0.015740740740740743
1 0.6026041666666666 0.6777777777777778 0.007291666666666667 0.018518518518518517
1 0.5885416666666666 0.7708333333333334 0.007291666666666667 0.019444444444444445
1 0.53828125 0.06527777777777778 0.0109375 0.01388888888888889
0 0.47552083333333334 0.4287037037037037 0.5270833333333333 0.837037037037037
2 0.4744791666666667 0.49444444444444446 0.008333333333333333 0.007407407407407408
3 0.4747395833333333 0.4916666666666667 0.1140625 0.1851851851851852
