1 0.4270833333333333 0.06666666666666667 0.007291666666666667 0.012962962962962964
1 0.5494791666666666 0.13148148148148148 0.007291666666666667 0.012962962962962964
1 0.5205729166666666 0.18611111111111112 0.0067708333333333336 0.011111111111111112
1 0.6270833333333333 0.3652777777777778 0.007291666666666667 0.015740740740740743
1 0.59296875 0.4050925925925926 0.0078125 0.01388888888888889
1 0.3403645833333333 0.4703703703703704 0.009895833333333333 0.012962962962962964
1 0.4359375 0.5231481481481481 0.009375 0.012962962962962964
0 0.4856770833333333 0.3101851851851852 0.3723958333333333 0.6148148148148148
2 0.4791666666666667 0.3162037037037037 0.005208333333333333 0.006481481481481482
3 0.47760416666666666 0.31712962962962965 0.07604166666666666 0.11944444444444445
