1 0.5223958333333333 0.275 0.011458333333333333 0.024074074074074074
1 0.5622395833333333 0.43703703703703706 0.011979166666666666 0.016666666666666666
1 0.49322916666666666 0.45787037037037037 0.010416666666666666 0.019444444444444445
1 0.4708333333333333 0.47314814814814815 0.009375 0.022222222222222223
1 0.37604166666666666 0.563425925925926 0.010416666666666666 0.021296296296296296
1 0.5057291666666667 0.6555555555555556 0.0125 0.016666666666666666
1 0.58515625 0.7041666666666667 0.0109375 0.017592592592592594
1 0.5653645833333333 0.7328703703703704 0.011979166666666666 0.019444444444444445
1 0.48723958333333334 0.7564814814814815 0.0109375 0.016666666666666666
1 0.4458333333333333 0.8250000000000001 0.013541666666666667 0.018518518518518517
1 0.41015625 0.8949074074074075 0.011979166666666666 0.02314814814814815
1 0.44088541666666664 0.9393518518518519 0.009895833333333333 0.017592592592592594
1 0.4348958333333333 0.9615740740740741 0.011458333333333333 0.021296296296296296
1 0.5963541666666666 0.26203703703703707 0.007291666666666667 0.016666666666666666
0 0.47291666666666665 0.5078703703703704 0.6 0.9490740740740741
1 0.465625 0.5467592592592593 0.008333333333333333 0.008333333333333333
3 0.46770833333333334 0.5472222222222223 0.121875 0.18888888888888888
