1 0.36744791666666665 0.04166666666666667 0.0067708333333333336 0.014814814814814815
1 0.41770833333333335 0.06481481481481481 0.008333333333333333 0.014814814814814815
1 0.40234375 0.12731481481481483 0.0078125 0.015740740740740743
1 0.4908854166666667 0.10787037037037038 0.0067708333333333336 0.017592592592592594
1 0.5109375 0.11620370370370371 0.00625 0.012037037037037037
1 0.37838541666666664 0.2388888888888889 0.008854166666666666 0.012962962962962964
1 0.43776041666666665 0.21851851851851853 0.0078125 0.016666666666666666
1 0.48020833333333335 0.1824074074074074 0.007291666666666667 0.014814814814814815
1 0.5239583333333333 0.2 0.010416666666666666 0.016666666666666666
1 0.4734375 0.24814814814814815 0.008333333333333333 0.012962962962962964
1 0.5190104166666667 0.25277777777777777 0.0078125 0.012962962962962964
1 0.49244791666666665 0.26990740740740743 0.009895833333333333 0.019444444444444445
1 0.49140625 0.3037037037037037 0.0109375 0.018518518518518517
1 0.38307291666666665 0.33611111111111114 0.008854166666666666 0.014814814814814815
1 0.41822916666666665 0.3472222222222222 0.009375 0.016666666666666666
1 0.47421874999999997 0.3509259259259259 0.008854166666666666 0.016666666666666666
1 0.5916666666666667 0.35185185185185186 0.00625 0.018518518518518517
1 0.6065104166666666 0.3814814814814815 0.0067708333333333336 0.018518518518518517
1 0.5703125 0.4324074074074074 0.008333333333333333 0.020370370370370372
1 0.40260416666666665 0.47824074074074074 0.010416666666666666 0.015740740740740743
1 0.28671875 0.5041666666666667 0.011979166666666666 0.01388888888888889
1 0.39791666666666664 0.5689814814814815 0.009375 0.017592592592592594
0 0.44921875 0.33564814814814814 0.4276041666666667 0.6657407407407407
2 0.43854166666666666 0.337037037037037 0.00625 0.009259259259259259
3 0.4388020833333333 0.3337962962962963 0.08697916666666666 0.1398148148148148
