1 0.5401041666666666 0.06157407407407408 0.009375 0.017592592592592594
1 0.5059895833333333 0.1712962962962963 0.0109375 0.020370370370370372
1 0.5169270833333334 0.27546296296296297 0.0109375 0.021296296296296296
1 0.3859375 0.46805555555555556 0.009375 0.017592592592592594
1 0.48359375 0.5819444444444445 0.0140625 0.017592592592592594
1 0.4927083333333333 0.6949074074074074 0.013541666666666667 0.021296296296296296
1 0.5005208333333333 0.47731481481481486 0.007291666666666667 0.021296296296296296
1 0.5208333333333334 0.44953703703703707 0.008333333333333333 0.021296296296296296
1 0.5208333333333334 0.5078703703703704 0.008333333333333333 0.02314814814814815
1 0.5598958333333334 0.4273148148148148 0.009375 0.021296296296296296
1 0.5791666666666666 0.425462962962963 0.011458333333333333 0.019444444444444445
1 0.5700520833333333 0.4416666666666667 0.0078125 0.022222222222222223
1 0.6330729166666667 0.41944444444444445 0.0067708333333333336 0.016666666666666666
1 0.6533854166666666 0.43472222222222223 0.008854166666666666 0.021296296296296296
1 0.58828125 0.5337962962962963 0.0140625 0.02314814814814815
1 0.5669270833333333 0.5620370370370371 0.015104166666666667 0.014814814814814815
1 0.5325520833333334 0.6240740740740741 0.0078125 0.018518518518518517
1 0.55859375 0.6342592592592593 0.0109375 0.018518518518518517
1 0.5653645833333333 0.6217592592592592 0.011979166666666666 0.019444444444444445
1 0.5763020833333333 0.5958333333333333 0.0109375 0.017592592592592594
1 0.6244791666666667 0.525 0.010416666666666666 0.020370370370370372
1 0.6296875 0.5375 0.009375 0.015740740740740743
1 0.6927083333333334 0.5370370370370371 0.010416666666666666 0.020370370370370372
1 0.62109375 0.5902777777777778 0.009895833333333333 0.017592592592592594
1 0.60234375 0.6717592592592593 0.008854166666666666 0.017592592592592594
1 0.58828125 0.7717592592592593 0.008854166666666666 0.021296296296296296
0 0.47552083333333334 0.4203703703703704 0.5270833333333333 0.8351851851851853
2 0.47239583333333335 0.4851851851851852 0.0 0.003703703703703704
3 0.47578125 0.48750000000000004 0.11197916666666667 0.18055555555555555
