1 0.5239583333333333 0.27222222222222225 0.011458333333333333 0.024074074074074074
1 0.56171875 0.4314814814814815 0.011979166666666666 0.016666666666666666
1 0.49296875 0.4518518518518519 0.0109375 0.018518518518518517
1 0.47031249999999997 0.4671296296296297 0.011458333333333333 0.015740740740740743
1 0.3755208333333333 0.5611111111111111 0.008333333333333333 0.020370370370370372
1 0.48828125 0.5212962962962964 0.011979166666666666 0.018518518518518517
1 0.4778645833333333 0.5592592592592592 0.008854166666666666 0.018518518518518517
1 0.5544270833333333 0.5194444444444445 0.009895833333333333 0.016666666666666666
1 0.5057291666666667 0.6509259259259259 0.013541666666666667 0.020370370370370372
1 0.4635416666666667 0.6851851851851852 0.011458333333333333 0.022222222222222223
1 0.46197916666666666 0.7615740740740741 0.014583333333333334 0.017592592592592594
1 0.48541666666666666 0.7550925925925926 0.011458333333333333 0.015740740740740743
1 0.49322916666666666 0.7384259259259259 0.0125 0.015740740740740743
1 0.4453125 0.8236111111111112 0.013541666666666667 0.015740740740740743
1 0.40963541666666664 0.8930555555555556 0.019270833333333334 0.01388888888888889
1 0.5645833333333333 0.7305555555555556 0.014583333333333334 0.024074074074074074
1 0.58515625 0.7027777777777778 0.0109375 0.022222222222222223
1 0.4421875 0.9393518518518519 0.013541666666666667 0.019444444444444445
1 0.4354166666666667 0.9657407407407408 0.016666666666666666 0.014814814814814815
1 0.5963541666666666 0.2574074074074074 0.007291666666666667 0.014814814814814815
0 0.47604166666666664 0.5069444444444444 0.6041666666666666 0.9583333333333334
2 0.4640625 0.5398148148148149 0.003125 0.005555555555555556
3 0.46796875 0.5412037037037037 0.12135416666666667 0.19722222222222224
