1 0.6338541666666666 0.41574074074074074 0.010416666666666666 0.020370370370370372
1 0.6536458333333334 0.43472222222222223 0.009375 0.019444444444444445
1 0.5216145833333333 0.500925925925926 0.0109375 0.020370370370370372
1 0.575 0.5930555555555556 0.009375 0.017592592592592594
1 0.56484375 0.6194444444444445 0.0078125 0.022222222222222223
1 0.5591145833333333 0.6300925925925926 0.0109375 0.021296296296296296
1 0.6033854166666667 0.6726851851851852 0.0109375 0.019444444444444445
0 0.4770833333333333 0.4277777777777778 0.5302083333333333 0.8388888888888889
2 0.47604166666666664 0.48379629629629634 0.007291666666666667 0.010185185185185186
3 0.4770833333333333 0.48240740740740745 0.11041666666666666 0.18333333333333335
