1 0.5786458333333333 0.425 0.009375 0.014814814814814815
1 0.6338541666666666 0.4189814814814815 0.009375 0.01388888888888889
1 0.6528645833333333 0.4324074074074074 0.005729166666666666 0.020370370370370372
1 0.49921875 0.47962962962962963 0.005729166666666666 0.016666666666666666
1 0.5205729166666666 0.5050925925925926 0.0109375 0.01388888888888889
1 0.5872395833333334 0.5314814814814816 0.011979166666666666 0.016666666666666666
1 0.5671875 0.5611111111111111 0.009375 0.016666666666666666
1 0.5760416666666667 0.5958333333333333 0.010416666666666666 0.01388888888888889
1 0.565625 0.6240740740740741 0.009375 0.018518518518518517
1 0.5591145833333333 0.6342592592592593 0.009895833333333333 0.018518518518518517
1 0.4942708333333333 0.6912037037037038 0.008333333333333333 0.01388888888888889
1 0.60234375 0.674537037037037 0.008854166666666666 0.015740740740740743
1 0.5890625 0.7708333333333334 0.010416666666666666 0.01388888888888889
0 0.4770833333333333 0.42685185185185187 0.528125 0.8407407407407408
2 0.47291666666666665 0.487962962962963 0.003125 0.009259259259259259
3 0.4747395833333333 0.48842592592592593 0.10781249999999999 0.17500000000000002
