1 0.5171875 0.20231481481481484 0.008333333333333333 0.01388888888888889
1 0.53671875 0.21157407407407408 0.005729166666666666 0.012037037037037037
1 0.5075520833333333 0.2689814814814815 0.0078125 0.01388888888888889
1 0.46640624999999997 0.3060185185185185 0.008854166666666666 0.01388888888888889
1 0.5002604166666667 0.33472222222222225 0.009895833333333333 0.012037037037037037
1 0.41041666666666665 0.3287037037037037 0.0125 0.014814814814814815
1 0.41302083333333334 0.4185185185185185 0.005208333333333333 0.016666666666666666
1 0.44635416666666666 0.42314814814814816 0.007291666666666667 0.012962962962962964
1 0.49921875 0.425 0.008854166666666666 0.016666666666666666
1 0.5143229166666666 0.3787037037037037 0.0067708333333333336 0.020370370370370372
1 0.3184895833333333 0.5689814814814815 0.009895833333333333 0.017592592592592594
1 0.43046875 0.5416666666666667 0.008854166666666666 0.016666666666666666
1 0.42421875 0.6282407407407408 0.009895833333333333 0.017592592592592594
1 0.58984375 0.4953703703703704 0.009895833333333333 0.020370370370370372
1 0.6239583333333333 0.4462962962962963 0.008333333333333333 0.018518518518518517
0 0.4747395833333333 0.39722222222222225 0.4046875 0.6537037037037037
2 0.465625 0.41250000000000003 0.004166666666666667 0.002777777777777778
3 0.4661458333333333 0.4134259259259259 0.08541666666666667 0.12685185185185185
