1 0.57109375 0.16342592592592592 0.0109375 0.015740740740740743
1 0.53046875 0.2152777777777778 0.008854166666666666 0.012037037037037037
1 0.5809895833333333 0.2 0.009895833333333333 0.016666666666666666
1 0.5809895833333333 0.25833333333333336 0.008854166666666666 0.020370370370370372
1 0.42916666666666664 0.5648148148148149 0.010416666666666666 0.02592592592592593
1 0.6479166666666667 0.49212962962962964 0.014583333333333334 0.021296296296296296
1 0.6825520833333333 0.800462962962963 0.0109375 0.01388888888888889
1 0.4315104166666667 0.1050925925925926 0.015104166666666667 0.010185185185185186
0 0.48359375 0.4615740740740741 0.4890625 0.7564814814814815
2 0.4786458333333333 0.4953703703703704 0.008333333333333333 0.009259259259259259
3 0.48203124999999997 0.4981481481481482 0.09947916666666666 0.16481481481481483
