1 0.5067708333333333 0.16203703703703703 0.010416666666666666 0.016666666666666666
1 0.51640625 0.27083333333333337 0.0109375 0.021296296296296296
1 0.3872395833333333 0.4625 0.008854166666666666 0.021296296296296296
1 0.5580729166666667 0.42314814814814816 0.0078125 0.018518518518518517
1 0.5700520833333333 0.4337962962962963 0.0078125 0.015740740740740743
1 0.57890625 0.42083333333333334 0.0078125 0.019444444444444445
1 0.6338541666666666 0.41481481481481486 0.008333333333333333 0.016666666666666666
1 0.6536458333333334 0.4305555555555556 0.010416666666666666 0.016666666666666666
1 0.5229166666666667 0.4462962962962963 0.011458333333333333 0.012962962962962964
1 0.49973958333333335 0.47175925925925927 0.009895833333333333 0.01388888888888889
1 0.5205729166666666 0.500925925925926 0.0078125 0.016666666666666666
1 0.58828125 0.5287037037037037 0.0109375 0.018518518518518517
1 0.6244791666666667 0.5212962962962964 0.008333333333333333 0.014814814814814815
1 0.6307291666666667 0.5351851851851852 0.008333333333333333 0.020370370370370372
1 0.6940104166666666 0.5356481481481482 0.009895833333333333 0.015740740740740743
1 0.5677083333333334 0.5583333333333333 0.007291666666666667 0.018518518518518517
1 0.6205729166666667 0.5893518518518519 0.013020833333333334 0.01388888888888889
1 0.57578125 0.5939814814814816 0.011979166666666666 0.019444444444444445
1 0.5338541666666666 0.6194444444444445 0.011458333333333333 0.014814814814814815
1 0.4942708333333333 0.6902777777777778 0.0125 0.017592592592592594
1 0.5653645833333333 0.6171296296296297 0.0109375 0.01388888888888889
1 0.5598958333333334 0.6305555555555555 0.008333333333333333 0.020370370370370372
1 0.603125 0.6699074074074074 0.011458333333333333 0.01388888888888889
1 0.5885416666666666 0.7675925925925926 0.010416666666666666 0.018518518518518517
1 0.5403645833333334 0.05787037037037037 0.008854166666666666 0.010185185185185186
0 0.4765625 0.4240740740740741 0.525 0.8462962962962963
1 0.475 0.4800925925925926 0.009375 0.010185185185185186
3 0.4747395833333333 0.4814814814814815 0.10781249999999999 0.1814814814814815
