1 0.49921875 0.47731481481481486 0.009895833333333333 0.017592592592592594
1 0.5205729166666666 0.5032407407407408 0.009895833333333333 0.01388888888888889
1 0.57890625 0.42453703703703705 0.0078125 0.01388888888888889
1 0.6341145833333334 0.41944444444444445 0.009895833333333333 0.016666666666666666
1 0.6526041666666667 0.43333333333333335 0.008333333333333333 0.018518518518518517
1 0.5872395833333334 0.5287037037037037 0.0109375 0.016666666666666666
1 0.5677083333333334 0.5611111111111111 0.010416666666666666 0.020370370370370372
1 0.5768229166666666 0.5953703703703704 0.0109375 0.020370370370370372
1 0.5658854166666667 0.6212962962962963 0.0067708333333333336 0.020370370370370372
1 0.5591145833333333 0.6333333333333333 0.008854166666666666 0.018518518518518517
1 0.603125 0.6717592592592593 0.009375 0.019444444444444445
1 0.5888020833333333 0.7689814814814815 0.009895833333333333 0.015740740740740743
0 0.47552083333333334 0.4287037037037037 0.5270833333333333 0.8296296296296297
2 0.4739583333333333 0.48703703703703705 0.003125 0.007407407407407408
3 0.4752604166666667 0.48750000000000004 0.10885416666666667 0.17314814814814816
