1 0.36822916666666666 0.036111111111111115 0.008333333333333333 0.011111111111111112
1 0.41744791666666664 0.05740740740740741 0.008854166666666666 0.016666666666666666
1 0.4901041666666667 0.10138888888888889 0.009375 0.015740740740740743
1 0.5098958333333333 0.11111111111111112 0.008333333333333333 0.016666666666666666
1 0.4 0.12083333333333333 0.00625 0.01388888888888889
1 0.44687499999999997 0.1425925925925926 0.007291666666666667 0.016666666666666666
1 0.47942708333333334 0.17592592592592593 0.008854166666666666 0.016666666666666666
1 0.5236979166666667 0.19675925925925927 0.005729166666666666 0.015740740740740743
1 0.3765625 0.23611111111111113 0.008333333333333333 0.016666666666666666
1 0.4356770833333333 0.21342592592592594 0.008854166666666666 0.017592592592592594
1 0.47265625 0.24444444444444446 0.0067708333333333336 0.012962962962962964
1 0.49114583333333334 0.26481481481481484 0.008333333333333333 0.014814814814814815
1 0.5182291666666666 0.2490740740740741 0.009375 0.012962962962962964
1 0.38203125 0.33287037037037037 0.009895833333333333 0.015740740740740743
1 0.4161458333333333 0.34120370370370373 0.005208333333333333 0.01388888888888889
1 0.4888020833333333 0.2972222222222222 0.0078125 0.016666666666666666
1 0.4713541666666667 0.3462962962962963 0.007291666666666667 0.014814814814814815
1 0.4927083333333333 0.3402777777777778 0.010416666666666666 0.01388888888888889
1 0.5903645833333333 0.3541666666666667 0.009895833333333333 0.021296296296296296
1 0.60546875 0.3814814814814815 0.008854166666666666 0.016666666666666666
1 0.5697916666666667 0.42824074074074076 0.008333333333333333 0.01388888888888889
1 0.4015625 0.47361111111111115 0.008333333333333333 0.012037037037037037
1 0.284375 0.5046296296296297 0.0125 0.014814814814814815
1 0.3950520833333333 0.5662037037037038 0.0109375 0.015740740740740743
0 0.4471354166666667 0.33564814814814814 0.4317708333333333 0.6620370370370371
2 0.4375 0.32962962962962966 0.008333333333333333 0.009259259259259259
3 0.4354166666666667 0.3282407407407408 0.08645833333333333 0.13796296296296298
