1 0.5234375 0.27870370370370373 0.0125 0.022222222222222223
1 0.37526041666666665 0.562962962962963 0.009895833333333333 0.022222222222222223
1 0.46953125 0.47314814814814815 0.009895833333333333 0.020370370370370372
1 0.49166666666666664 0.45972222222222225 0.011458333333333333 0.017592592592592594
1 0.5622395833333333 0.44027777777777777 0.011979166666666666 0.021296296296296296
1 0.48541666666666666 0.7569444444444444 0.009375 0.019444444444444445
1 0.44479166666666664 0.825462962962963 0.014583333333333334 0.02314814814814815
1 0.40989583333333335 0.8944444444444445 0.011458333333333333 0.022222222222222223
1 0.4401041666666667 0.938425925925926 0.010416666666666666 0.019444444444444445
1 0.43385416666666665 0.9648148148148149 0.013541666666666667 0.014814814814814815
1 0.5640625 0.7337962962962963 0.0125 0.017592592592592594
1 0.5854166666666667 0.7050925925925926 0.010416666666666666 0.019444444444444445
0 0.4744791666666667 0.5060185185185185 0.603125 0.9490740740740741
2 0.4669270833333333 0.5444444444444445 0.008854166666666666 0.007407407407407408
3 0.4674479166666667 0.5472222222222223 0.1203125 0.1851851851851852
