1 0.3078125 0.13101851851851853 0.008333333333333333 0.012037037037037037
1 0.34348958333333335 0.23425925925925928 0.0078125 0.011111111111111112
1 0.28541666666666665 0.300462962962963 0.009375 0.010185185185185186
1 0.36822916666666666 0.3 0.008333333333333333 0.011111111111111112
1 0.24765625 0.45092592592592595 0.008854166666666666 0.014814814814814815
1 0.2591145833333333 0.48935185185185187 0.009895833333333333 0.012037037037037037
1 0.28229166666666666 0.5675925925925926 0.007291666666666667 0.014814814814814815
1 0.3984375 0.39537037037037037 0.008333333333333333 0.012962962962962964
1 0.5317708333333333 0.37222222222222223 0.007291666666666667 0.012962962962962964
1 0.39375 0.4527777777777778 0.008333333333333333 0.012962962962962964
1 0.3559895833333333 0.5074074074074074 0.0067708333333333336 0.016666666666666666
1 0.340625 0.5740740740740741 0.010416666666666666 0.014814814814814815
1 0.38776041666666666 0.4990740740740741 0.005729166666666666 0.016666666666666666
1 0.39427083333333335 0.500925925925926 0.008333333333333333 0.012962962962962964
1 0.42916666666666664 0.5324074074074074 0.007291666666666667 0.012962962962962964
1 0.4536458333333333 0.5458333333333334 0.007291666666666667 0.010185185185185186
1 0.4276041666666667 0.6291666666666667 0.009375 0.01388888888888889
1 0.3325520833333333 0.6921296296296297 0.008854166666666666 0.010185185185185186
1 0.23645833333333333 0.7722222222222223 0.00625 0.012962962962962964
1 0.5966145833333333 0.4513888888888889 0.0067708333333333336 0.010185185185185186
1 0.5546875 0.6662037037037037 0.007291666666666667 0.012037037037037037
1 0.4875 0.7217592592592593 0.008333333333333333 0.012037037037037037
1 0.43515624999999997 0.8569444444444445 0.008854166666666666 0.012037037037037037
0 0.4270833333333333 0.45601851851851855 0.60625 0.9064814814814816
2 0.42916666666666664 0.48703703703703705 0.003125 0.003703703703703704
3 0.4322916666666667 0.4865740740740741 0.12708333333333333 0.1953703703703704
