1 0.30703125 0.1287037037037037 0.008854166666666666 0.012962962962962964
1 0.28411458333333334 0.2962962962962963 0.011979166666666666 0.012962962962962964
1 0.34270833333333334 0.22962962962962963 0.010416666666666666 0.011111111111111112
1 0.3671875 0.2962962962962963 0.009375 0.012962962962962964
1 0.24583333333333332 0.44722222222222224 0.008333333333333333 0.014814814814814815
1 0.2578125 0.4865740740740741 0.011458333333333333 0.01388888888888889
1 0.28072916666666664 0.562962962962963 0.009375 0.012962962962962964
1 0.26875 0.6342592592592593 0.009375 0.016666666666666666
1 0.24739583333333334 0.6870370370370371 0.009375 0.016666666666666666
1 0.23541666666666666 0.7662037037037037 0.009375 0.015740740740740743
1 0.33125 0.6861111111111111 0.009375 0.014814814814814815
1 0.3177083333333333 0.5324074074074074 0.008333333333333333 0.016666666666666666
1 0.35494791666666664 0.5037037037037038 0.0067708333333333336 0.012962962962962964
1 0.33880208333333334 0.5708333333333333 0.008854166666666666 0.01388888888888889
1 0.3984375 0.3912037037037037 0.008333333333333333 0.01388888888888889
1 0.3927083333333333 0.44953703703703707 0.007291666666666667 0.012037037037037037
1 0.3872395833333333 0.49722222222222223 0.0067708333333333336 0.020370370370370372
1 0.39479166666666665 0.49768518518518523 0.008333333333333333 0.019444444444444445
1 0.4283854166666667 0.5296296296296297 0.0078125 0.012962962962962964
1 0.42604166666666665 0.625925925925926 0.009375 0.012962962962962964
1 0.453125 0.5435185185185185 0.007291666666666667 0.014814814814814815
1 0.43385416666666665 0.850925925925926 0.010416666666666666 0.012962962962962964
1 0.48723958333333334 0.7180555555555556 0.0109375 0.012037037037037037
1 0.55390625 0.6625 0.0067708333333333336 0.015740740740740743
1 0.59609375 0.4486111111111111 0.008854166666666666 0.01388888888888889
1 0.53125 0.3699074074074074 0.007291666666666667 0.015740740740740743
0 0.42890625 0.45787037037037037 0.6119791666666666 0.913888888888889
2 0.43046875 0.48703703703703705 0.0036458333333333334 0.011111111111111112
3 0.4317708333333333 0.4847222222222222 0.128125 0.1953703703703704
