1 0.5622395833333333 0.1375 0.0067708333333333336 0.010185185185185186
1 0.30885416666666665 0.12407407407407407 0.00625 0.011111111111111112
1 0.3450520833333333 0.22361111111111112 0.008854166666666666 0.012037037037037037
1 0.2877604166666667 0.2925925925925926 0.0067708333333333336 0.011111111111111112
1 0.4044270833333333 0.2726851851851852 0.008854166666666666 0.012037037037037037
1 0.37005208333333334 0.29074074074074074 0.008854166666666666 0.011111111111111112
1 0.40078125 0.38703703703703707 0.005729166666666666 0.011111111111111112
1 0.3580729166666667 0.42083333333333334 0.0078125 0.012037037037037037
1 0.24921875 0.4430555555555556 0.0067708333333333336 0.012037037037037037
1 0.26119791666666664 0.48240740740740745 0.0078125 0.012962962962962964
1 0.284375 0.5597222222222222 0.008333333333333333 0.01388888888888889
1 0.27239583333333334 0.6324074074074074 0.008333333333333333 0.012962962962962964
1 0.2515625 0.6828703703703703 0.008333333333333333 0.012037037037037037
1 0.23776041666666667 0.763888888888889 0.0078125 0.012962962962962964
1 0.32057291666666665 0.5291666666666667 0.0067708333333333336 0.01388888888888889
1 0.3424479166666667 0.5662037037037038 0.0067708333333333336 0.012037037037037037
1 0.3346354166666667 0.6847222222222222 0.009895833333333333 0.01388888888888889
1 0.3580729166666667 0.4990740740740741 0.0067708333333333336 0.014814814814814815
1 0.3963541666666667 0.4449074074074074 0.007291666666666667 0.012037037037037037
1 0.3911458333333333 0.4935185185185185 0.007291666666666667 0.012962962962962964
1 0.3984375 0.4935185185185185 0.00625 0.014814814814814815
1 0.43124999999999997 0.5240740740740741 0.008333333333333333 0.012962962962962964
1 0.42942708333333335 0.6226851851851852 0.008854166666666666 0.012037037037037037
1 0.43671875 0.8486111111111111 0.0067708333333333336 0.010185185185185186
1 0.5125 0.3212962962962963 0.007291666666666667 0.011111111111111112
1 0.5002604166666667 0.3425925925925926 0.008854166666666666 0.011111111111111112
1 0.534375 0.36342592592592593 0.007291666666666667 0.01388888888888889
1 0.5088541666666666 0.4175925925925926 0.008333333333333333 0.009259259259259259
1 0.4479166666666667 0.5060185185185185 0.008333333333333333 0.012037037037037037
1 0.45598958333333334 0.538425925925926 0.0078125 0.010185185185185186
1 0.45859374999999997 0.6703703703703704 0.0078125 0.011111111111111112
1 0.4895833333333333 0.7148148148148148 0.007291666666666667 0.011111111111111112
1 0.5567708333333333 0.6583333333333333 0.007291666666666667 0.012962962962962964
1 0.59921875 0.4449074074074074 0.0078125 0.010185185185185186
1 0.6328125 0.5958333333333333 0.00625 0.012037037037037037
0 0.4309895833333333 0.4550925925925926 0.6119791666666666 0.8972222222222223
2 0.434375 0.47962962962962963 0.004166666666666667 0.001851851851851852
3 0.4354166666666667 0.47731481481481486 0.128125 0.20092592592592592
