1 0.4848958333333333 0.27731481481481485 0.008333333333333333 0.010185185185185186
1 0.5057291666666667 0.24583333333333335 0.005208333333333333 0.012037037037037037
1 0.5411458333333333 0.22592592592592595 0.00625 0.012962962962962964
1 0.5635416666666666 0.22777777777777777 0.00625 0.012962962962962964
1 0.6375 0.31851851851851853 0.007291666666666667 0.012962962962962964
1 0.5838541666666667 0.4226851851851852 0.007291666666666667 0.012037037037037037
1 0.5877604166666667 0.4305555555555556 0.0067708333333333336 0.011111111111111112
1 0.6927083333333334 0.4199074074074074 0.007291666666666667 0.01388888888888889
0 0.4375 0.4481481481481482 0.6052083333333333 0.8907407407407407
2 0.4421875 0.4703703703703704 0.003125 0.005555555555555556
3 0.4440104166666667 0.4740740740740741 0.12447916666666667 0.19074074074074074
