1 0.5546875 0.5467592592592593 0.008333333333333333 0.012037037037037037
1 0.53515625 0.6638888888888889 0.005729166666666666 0.016666666666666666
1 0.50625 0.7000000000000001 0.007291666666666667 0.012962962962962964
1 0.5200520833333333 0.7740740740740741 0.0067708333333333336 0.014814814814814815
1 0.6375 0.5884259259259259 0.007291666666666667 0.012037037037037037
1 0.6111979166666667 0.5981481481481482 0.0067708333333333336 0.012962962962962964
1 0.6088541666666667 0.6166666666666667 0.00625 0.011111111111111112
1 0.6630208333333333 0.6310185185185185 0.008333333333333333 0.01388888888888889
1 0.6473958333333333 0.6587962962962963 0.007291666666666667 0.010185185185185186
1 0.6169270833333333 0.6953703703703704 0.0067708333333333336 0.011111111111111112
1 0.6442708333333333 0.6833333333333333 0.00625 0.011111111111111112
1 0.7174479166666666 0.6370370370370371 0.0078125 0.014814814814814815
1 0.7005208333333334 0.7550925925925926 0.007291666666666667 0.012037037037037037
0 0.4239583333333333 0.4740740740740741 0.60625 0.9351851851851852
2 0.43046875 0.5333333333333333 0.0015625 0.007407407407407408
3 0.42994791666666665 0.5287037037037037 0.1203125 0.19814814814814816
