1 0.3106770833333333 0.12361111111111112 0.0078125 0.01388888888888889
1 0.34609375 0.22453703703703703 0.009895833333333333 0.010185185185185186
1 0.28880208333333335 0.29212962962962963 0.011979166666666666 0.01388888888888889
1 0.37109375 0.2935185185185185 0.009895833333333333 0.012962962962962964
1 0.5127604166666666 0.32037037037037036 0.0078125 0.012962962962962964
1 0.5002604166666667 0.3425925925925926 0.0078125 0.012962962962962964
1 0.5354166666666667 0.36712962962962964 0.008333333333333333 0.015740740740740743
1 0.25026041666666665 0.4439814814814815 0.008854166666666666 0.01388888888888889
1 0.26119791666666664 0.48240740740740745 0.008854166666666666 0.011111111111111112
1 0.40130208333333334 0.3875 0.0078125 0.012037037037037037
1 0.3578125 0.4222222222222222 0.00625 0.011111111111111112
1 0.32135416666666666 0.5291666666666667 0.007291666666666667 0.01388888888888889
1 0.35885416666666664 0.500925925925926 0.007291666666666667 0.014814814814814815
1 0.28463541666666664 0.5597222222222222 0.0078125 0.015740740740740743
1 0.34322916666666664 0.5680555555555555 0.009375 0.01388888888888889
1 0.27239583333333334 0.6347222222222223 0.008333333333333333 0.012037037037037037
1 0.2515625 0.6837962962962963 0.008333333333333333 0.01388888888888889
1 0.33541666666666664 0.6847222222222222 0.011458333333333333 0.012037037037037037
1 0.23802083333333332 0.7652777777777778 0.007291666666666667 0.01388888888888889
1 0.43697916666666664 0.851388888888889 0.010416666666666666 0.01388888888888889
1 0.3966145833333333 0.4462962962962963 0.0078125 0.011111111111111112
1 0.5091145833333334 0.4185185185185185 0.008854166666666666 0.014814814814814815
1 0.390625 0.4935185185185185 0.00625 0.016666666666666666
1 0.39817708333333335 0.4949074074074074 0.0078125 0.01388888888888889
1 0.4315104166666667 0.5263888888888889 0.008854166666666666 0.012037037037037037
1 0.4557291666666667 0.5398148148148149 0.007291666666666667 0.011111111111111112
1 0.43046875 0.6240740740740741 0.008854166666666666 0.012962962962962964
1 0.5997395833333333 0.44583333333333336 0.0067708333333333336 0.012037037037037037
1 0.4903645833333333 0.7162037037037037 0.0078125 0.01388888888888889
1 0.5565104166666667 0.6592592592592593 0.0078125 0.014814814814814815
1 0.6333333333333333 0.5967592592592593 0.009375 0.01388888888888889
0 0.42994791666666665 0.4481481481481482 0.6078125 0.8944444444444445
2 0.43307291666666664 0.4791666666666667 0.0046875 0.008333333333333333
3 0.4354166666666667 0.48055555555555557 0.128125 0.1962962962962963
