1 0.30807291666666664 0.1300925925925926 0.0078125 0.010185185185185186
1 0.28619791666666666 0.2972222222222222 0.0078125 0.011111111111111112
1 0.34296875 0.23055555555555557 0.008854166666666666 0.012962962962962964
1 0.25859375 0.48379629629629634 0.0109375 0.012037037037037037
1 0.3559895833333333 0.5013888888888889 0.0067708333333333336 0.015740740740740743
1 0.3989583333333333 0.3907407407407408 0.007291666666666667 0.011111111111111112
1 0.39453125 0.4476851851851852 0.0078125 0.010185185185185186
1 0.3950520833333333 0.4953703703703704 0.0078125 0.012962962962962964
1 0.4276041666666667 0.6240740740740741 0.008333333333333333 0.011111111111111112
1 0.48776041666666664 0.7180555555555556 0.0078125 0.012037037037037037
1 0.5549479166666667 0.6620370370370371 0.0078125 0.012962962962962964
1 0.5317708333333333 0.37083333333333335 0.008333333333333333 0.012037037037037037
1 0.5979166666666667 0.44953703703703707 0.008333333333333333 0.010185185185185186
0 0.42890625 0.4569444444444445 0.6119791666666666 0.9009259259259259
2 0.43072916666666666 0.4828703703703704 0.0 0.004629629629629629
3 0.43255208333333334 0.48194444444444445 0.12760416666666666 0.19351851851851853
