1 0.55390625 0.13518518518518519 0.0067708333333333336 0.007407407407407408
1 0.30182291666666666 0.12037037037037038 0.0067708333333333336 0.011111111111111112
1 0.30703125 0.24814814814814815 0.008854166666666666 0.011111111111111112
1 0.33671875 0.22083333333333335 0.0078125 0.008333333333333333
1 0.3609375 0.23148148148148148 0.00625 0.009259259259259259
1 0.2796875 0.28935185185185186 0.009375 0.012037037037037037
1 0.36171875 0.28750000000000003 0.009895833333333333 0.01388888888888889
1 0.39479166666666665 0.26851851851851855 0.009375 0.009259259259259259
1 0.40625 0.3300925925925926 0.010416666666666666 0.01388888888888889
1 0.390625 0.3814814814814815 0.008333333333333333 0.009259259259259259
1 0.36614583333333334 0.39583333333333337 0.009375 0.012037037037037037
1 0.3489583333333333 0.41435185185185186 0.008333333333333333 0.01388888888888889
1 0.24010416666666667 0.4361111111111111 0.007291666666666667 0.014814814814814815
1 0.25104166666666666 0.4740740740740741 0.007291666666666667 0.012962962962962964
1 0.275 0.5537037037037037 0.007291666666666667 0.012962962962962964
1 0.26328125 0.6245370370370371 0.0078125 0.012037037037037037
1 0.2421875 0.6768518518518519 0.008333333333333333 0.014814814814814815
1 0.22890625 0.7592592592592593 0.0078125 0.016666666666666666
1 0.20494791666666667 0.8467592592592593 0.008854166666666666 0.012037037037037037
1 0.3109375 0.5203703703703704 0.00625 0.012962962962962964
1 0.34921875 0.49212962962962964 0.0078125 0.012037037037037037
1 0.35104166666666664 0.5171296296296296 0.00625 0.015740740740740743
1 0.33229166666666665 0.5592592592592592 0.00625 0.016666666666666666
1 0.325 0.6777777777777778 0.009375 0.014814814814814815
1 0.3046875 0.8074074074074075 0.008333333333333333 0.009259259259259259
1 0.34479166666666666 0.8138888888888889 0.008333333333333333 0.012962962962962964
1 0.3572916666666667 0.8916666666666667 0.008333333333333333 0.009259259259259259
1 0.3911458333333333 0.8388888888888889 0.00625 0.014814814814814815
1 0.4265625 0.8444444444444444 0.007291666666666667 0.011111111111111112
1 0.4497395833333333 0.8398148148148148 0.0078125 0.012962962962962964
1 0.48593749999999997 0.2990740740740741 0.007291666666666667 0.012962962962962964
1 0.503125 0.31527777777777777 0.007291666666666667 0.010185185185185186
1 0.49114583333333334 0.337037037037037 0.00625 0.012962962962962964
1 0.525 0.3592592592592593 0.007291666666666667 0.012962962962962964
1 0.47994791666666664 0.40972222222222227 0.005729166666666666 0.010185185185185186
1 0.49947916666666664 0.41203703703703703 0.007291666666666667 0.012962962962962964
1 0.4028645833333333 0.4273148148148148 0.0078125 0.012037037037037037
1 0.38671875 0.4398148148148148 0.0067708333333333336 0.011111111111111112
1 0.3807291666666667 0.4851851851851852 0.005208333333333333 0.012962962962962964
1 0.38776041666666666 0.48703703703703705 0.008854166666666666 0.011111111111111112
1 0.43854166666666666 0.5 0.007291666666666667 0.012962962962962964
1 0.421875 0.5189814814814815 0.008333333333333333 0.012037037037037037
1 0.44166666666666665 0.5236111111111111 0.009375 0.010185185185185186
1 0.4466145833333333 0.5328703703703704 0.008854166666666666 0.010185185185185186
1 0.43463541666666666 0.5569444444444445 0.0067708333333333336 0.012037037037037037
1 0.4421875 0.5560185185185186 0.008333333333333333 0.01388888888888889
1 0.4205729166666667 0.5921296296296297 0.0078125 0.012037037037037037
1 0.4200520833333333 0.6143518518518519 0.011979166666666666 0.012037037037037037
1 0.47734375 0.5611111111111111 0.0078125 0.011111111111111112
1 0.4473958333333333 0.662962962962963 0.007291666666666667 0.012962962962962964
1 0.4786458333333333 0.7060185185185186 0.008333333333333333 0.012037037037037037
1 0.52890625 0.6578703703703704 0.0078125 0.012037037037037037
1 0.5463541666666667 0.6532407407407408 0.008333333333333333 0.012037037037037037
1 0.5598958333333334 0.7981481481481482 0.009375 0.012962962962962964
1 0.5255208333333333 0.46481481481481485 0.007291666666666667 0.011111111111111112
1 0.5453125 0.42824074074074076 0.00625 0.010185185185185186
1 0.6075520833333333 0.3703703703703704 0.0078125 0.011111111111111112
1 0.5890625 0.4365740740740741 0.007291666666666667 0.012037037037037037
1 0.6231770833333333 0.5898148148148148 0.0067708333333333336 0.014814814814814815
0 0.41953124999999997 0.45 0.6130208333333333 0.8907407407407407
2 0.42343749999999997 0.47500000000000003 0.00625 0.003703703703703704
3 0.4239583333333333 0.47222222222222227 0.12395833333333334 0.19074074074074074
