1 0.30807291666666664 0.12962962962962962 0.009895833333333333 0.011111111111111112
1 0.2859375 0.29814814814814816 0.009375 0.012962962962962964
1 0.34348958333333335 0.23055555555555557 0.008854166666666666 0.012962962962962964
1 0.259375 0.4842592592592593 0.011458333333333333 0.012962962962962964
1 0.39921875 0.3925925925925926 0.008854166666666666 0.012962962962962964
1 0.28151041666666665 0.5611111111111111 0.008854166666666666 0.014814814814814815
1 0.35651041666666666 0.5027777777777778 0.0078125 0.014814814814814815
1 0.39401041666666664 0.45046296296296295 0.008854166666666666 0.01388888888888889
1 0.3880208333333333 0.49583333333333335 0.007291666666666667 0.017592592592592594
1 0.3953125 0.4962962962962963 0.007291666666666667 0.014814814814814815
1 0.5315104166666667 0.3703703703703704 0.0067708333333333336 0.012962962962962964
1 0.596875 0.45 0.008333333333333333 0.012962962962962964
1 0.45390625 0.5425925925925926 0.0078125 0.012962962962962964
1 0.4278645833333333 0.6240740740740741 0.0109375 0.012962962962962964
1 0.48802083333333335 0.7185185185185186 0.008333333333333333 0.012962962962962964
1 0.55390625 0.6638888888888889 0.0078125 0.012962962962962964
0 0.42682291666666666 0.4615740740740741 0.6098958333333333 0.9064814814814816
2 0.43203125 0.48240740740740745 0.0046875 0.001851851851851852
3 0.43124999999999997 0.4814814814814815 0.125 0.1925925925925926
