1 0.6348958333333333 0.1564814814814815 0.009375 0.009259259259259259
1 0.49114583333333334 0.17407407407407408 0.009375 0.011111111111111112
1 0.3989583333333333 0.22592592592592595 0.007291666666666667 0.012962962962962964
1 0.50703125 0.36203703703703705 0.0067708333333333336 0.012962962962962964
1 0.6260416666666666 0.45972222222222225 0.008333333333333333 0.01388888888888889
1 0.7252604166666666 0.5152777777777778 0.009895833333333333 0.01388888888888889
1 0.71015625 0.5611111111111111 0.0078125 0.011111111111111112
1 0.6697916666666667 0.5939814814814816 0.008333333333333333 0.015740740740740743
1 0.4544270833333333 0.6671296296296296 0.0078125 0.012037037037037037
1 0.4510416666666667 0.8 0.00625 0.014814814814814815
1 0.58671875 0.8212962962962963 0.0067708333333333336 0.012962962962962964
1 0.6674479166666667 0.8384259259259259 0.005729166666666666 0.010185185185185186
1 0.6622395833333333 0.8467592592592593 0.0067708333333333336 0.012037037037037037
1 0.5234375 0.9750000000000001 0.008333333333333333 0.011111111111111112
1 0.20286458333333332 0.8976851851851853 0.0046875 0.008333333333333333
0 0.4765625 0.5310185185185186 0.6125 0.937962962962963
2 0.49114583333333334 0.6148148148148148 0.005208333333333333 0.005555555555555556
3 0.49140625 0.6162037037037037 0.12239583333333333 0.20462962962962963
