1 0.5630208333333333 0.13842592592592592 0.00625 0.010185185185185186
1 0.3109375 0.12361111111111112 0.007291666666666667 0.010185185185185186
1 0.2869791666666667 0.2935185185185185 0.010416666666666666 0.009259259259259259
1 0.3455729166666667 0.22453703703703703 0.0078125 0.010185185185185186
1 0.4036458333333333 0.27361111111111114 0.007291666666666667 0.010185185185185186
1 0.3703125 0.2925925925925926 0.008333333333333333 0.011111111111111112
1 0.5122395833333333 0.3212962962962963 0.0078125 0.011111111111111112
1 0.5 0.3416666666666667 0.008333333333333333 0.011111111111111112
1 0.40078125 0.38657407407407407 0.008854166666666666 0.012037037037037037
1 0.25 0.44537037037037036 0.008333333333333333 0.014814814814814815
1 0.26067708333333334 0.4810185185185185 0.009895833333333333 0.01388888888888889
1 0.3578125 0.42083333333333334 0.00625 0.012037037037037037
1 0.284375 0.5592592592592592 0.008333333333333333 0.012962962962962964
1 0.271875 0.6324074074074074 0.008333333333333333 0.011111111111111112
1 0.2515625 0.6833333333333333 0.008333333333333333 0.014814814814814815
1 0.23802083333333332 0.7648148148148148 0.007291666666666667 0.012962962962962964
1 0.3208333333333333 0.5282407407407408 0.008333333333333333 0.012037037037037037
1 0.35859375 0.49953703703703706 0.005729166666666666 0.015740740740740743
1 0.34270833333333334 0.5657407407407408 0.009375 0.014814814814814815
1 0.3346354166666667 0.6847222222222222 0.0078125 0.015740740740740743
1 0.39609375 0.44537037037037036 0.0078125 0.011111111111111112
1 0.390625 0.49259259259259264 0.00625 0.012962962962962964
1 0.39765625 0.4935185185185185 0.0067708333333333336 0.012962962962962964
1 0.4473958333333333 0.5069444444444444 0.007291666666666667 0.012037037037037037
1 0.43124999999999997 0.525462962962963 0.007291666666666667 0.010185185185185186
1 0.4552083333333333 0.5388888888888889 0.007291666666666667 0.011111111111111112
1 0.43072916666666666 0.600925925925926 0.008333333333333333 0.014814814814814815
1 0.4296875 0.6217592592592592 0.008333333333333333 0.010185185185185186
1 0.4588541666666667 0.6712962962962963 0.008333333333333333 0.012962962962962964
1 0.4895833333333333 0.7148148148148148 0.007291666666666667 0.012962962962962964
1 0.4375 0.85 0.007291666666666667 0.012962962962962964
1 0.55703125 0.6592592592592593 0.0067708333333333336 0.012962962962962964
1 0.50859375 0.4189814814814815 0.0078125 0.010185185185185186
1 0.53359375 0.3648148148148148 0.005729166666666666 0.009259259259259259
1 0.5989583333333334 0.44351851851851853 0.00625 0.009259259259259259
1 0.6333333333333333 0.5967592592592593 0.007291666666666667 0.012037037037037037
0 0.42890625 0.4550925925925926 0.6119791666666666 0.9046296296296297
2 0.43333333333333335 0.4810185185185185 0.004166666666666667 0.000925925925925926
3 0.43359375 0.4814814814814815 0.12760416666666666 0.19444444444444445
