1 0.5614583333333333 0.5412037037037037 0.008333333333333333 0.012037037037037037
1 0.5416666666666666 0.6550925925925927 0.007291666666666667 0.01388888888888889
1 0.5127604166666666 0.6921296296296297 0.0067708333333333336 0.012037037037037037
1 0.52578125 0.7648148148148148 0.0067708333333333336 0.012962962962962964
1 0.6177083333333333 0.5888888888888889 0.00625 0.012962962962962964
1 0.61484375 0.6074074074074074 0.005729166666666666 0.012962962962962964
1 0.6450520833333333 0.5810185185185185 0.0078125 0.01388888888888889
1 0.6692708333333334 0.6236111111111111 0.00625 0.012037037037037037
1 0.65390625 0.6513888888888889 0.0067708333333333336 0.010185185185185186
1 0.6234375 0.6847222222222222 0.007291666666666667 0.01388888888888889
1 0.65078125 0.674537037037037 0.0067708333333333336 0.012037037037037037
1 0.7247395833333333 0.6296296296296297 0.0067708333333333336 0.012962962962962964
1 0.7075520833333333 0.7476851851851852 0.0067708333333333336 0.012037037037037037
0 0.43203125 0.46851851851851856 0.6098958333333333 0.9277777777777778
2 0.4380208333333333 0.5282407407407408 0.003125 0.002777777777777778
3 0.4375 0.5226851851851853 0.12395833333333334 0.2101851851851852
