1 0.5596354166666666 0.5328703703703704 0.0067708333333333336 0.012037037037037037
1 0.5236979166666667 0.7587962962962963 0.0067708333333333336 0.012037037037037037
1 0.6166666666666667 0.5824074074074075 0.008333333333333333 0.012962962962962964
1 0.6138020833333333 0.600462962962963 0.008854166666666666 0.012037037037037037
1 0.6432291666666666 0.5745370370370371 0.008333333333333333 0.012037037037037037
1 0.6677083333333333 0.6189814814814815 0.008333333333333333 0.01388888888888889
1 0.6489583333333333 0.6685185185185185 0.008333333333333333 0.014814814814814815
1 0.621875 0.6787037037037037 0.010416666666666666 0.011111111111111112
1 0.70625 0.7439814814814815 0.008333333333333333 0.01388888888888889
0 0.42552083333333335 0.45787037037037037 0.6052083333333333 0.9064814814814816
2 0.4354166666666667 0.5175925925925926 0.0020833333333333333 0.003703703703703704
3 0.4354166666666667 0.513425925925926 0.121875 0.20277777777777778
