1 0.6341145833333334 0.15601851851851853 0.0078125 0.010185185185185186
1 0.49244791666666665 0.1736111111111111 0.0067708333333333336 0.012037037037037037
1 0.39947916666666666 0.22361111111111112 0.008333333333333333 0.01388888888888889
1 0.5067708333333333 0.3578703703703704 0.007291666666666667 0.01388888888888889
1 0.6263020833333334 0.45416666666666666 0.0078125 0.012037037037037037
1 0.72578125 0.5101851851851852 0.0078125 0.014814814814814815
1 0.71015625 0.5583333333333333 0.008854166666666666 0.012962962962962964
1 0.6682291666666667 0.5902777777777778 0.009375 0.015740740740740743
1 0.45416666666666666 0.6662037037037037 0.007291666666666667 0.012037037037037037
1 0.58671875 0.8199074074074074 0.0067708333333333336 0.010185185185185186
1 0.5221354166666666 0.9736111111111111 0.005729166666666666 0.012037037037037037
1 0.20338541666666665 0.8972222222222223 0.0046875 0.011111111111111112
0 0.47734375 0.5333333333333333 0.6109375 0.9333333333333333
2 0.4890625 0.6138888888888889 0.003125 0.003703703703703704
3 0.49244791666666665 0.6143518518518519 0.1203125 0.21203703703703705
