1 0.5557291666666666 0.5467592592592593 0.007291666666666667 0.01388888888888889
1 0.5361979166666666 0.662962962962963 0.005729166666666666 0.012962962962962964
1 0.5072916666666667 0.6976851851851852 0.008333333333333333 0.01388888888888889
1 0.52109375 0.7717592592592593 0.008854166666666666 0.015740740740740743
1 0.6385416666666667 0.5884259259259259 0.008333333333333333 0.012037037037037037
1 0.6125 0.5958333333333333 0.008333333333333333 0.01388888888888889
1 0.6098958333333333 0.6152777777777778 0.007291666666666667 0.012037037037037037
1 0.6638020833333333 0.6314814814814815 0.0067708333333333336 0.014814814814814815
1 0.7182291666666667 0.6375000000000001 0.007291666666666667 0.010185185185185186
1 0.6484375 0.6587962962962963 0.008333333333333333 0.012037037037037037
1 0.6177083333333333 0.6907407407407408 0.007291666666666667 0.012962962962962964
1 0.6455729166666666 0.6824074074074075 0.008854166666666666 0.012962962962962964
1 0.7018229166666666 0.7541666666666667 0.0078125 0.012037037037037037
0 0.425 0.46481481481481485 0.6041666666666666 0.9240740740740742
2 0.42994791666666665 0.5291666666666667 0.0026041666666666665 0.004629629629629629
3 0.43072916666666666 0.525462962962963 0.11875 0.19907407407407407
