1 0.5645833333333333 0.13796296296296298 0.008333333333333333 0.012962962962962964
1 0.3109375 0.12083333333333333 0.008333333333333333 0.008333333333333333
1 0.28854166666666664 0.2916666666666667 0.007291666666666667 0.009259259259259259
1 0.34661458333333334 0.22314814814814815 0.0109375 0.012962962962962964
1 0.4046875 0.27083333333333337 0.008333333333333333 0.010185185185185186
1 0.371875 0.2898148148148148 0.010416666666666666 0.012962962962962964
1 0.2505208333333333 0.44212962962962965 0.008333333333333333 0.012037037037037037
1 0.26171875 0.47962962962962963 0.009895833333333333 0.011111111111111112
1 0.2856770833333333 0.5587962962962963 0.009895833333333333 0.01388888888888889
1 0.27317708333333335 0.6314814814814815 0.008854166666666666 0.011111111111111112
1 0.2520833333333333 0.6814814814814815 0.010416666666666666 0.016666666666666666
1 0.23932291666666666 0.762962962962963 0.0078125 0.014814814814814815
1 0.21666666666666667 0.8550925925925926 0.010416666666666666 0.015740740740740743
1 0.40208333333333335 0.3851851851851852 0.007291666666666667 0.009259259259259259
1 0.3765625 0.4013888888888889 0.00625 0.01388888888888889
1 0.359375 0.4189814814814815 0.009375 0.012037037037037037
1 0.321875 0.5268518518518519 0.008333333333333333 0.014814814814814815
1 0.3606770833333333 0.4981481481481482 0.0078125 0.014814814814814815
1 0.36171875 0.5217592592592593 0.0067708333333333336 0.01388888888888889
1 0.34270833333333334 0.5652777777777778 0.009375 0.01388888888888889
1 0.33567708333333335 0.6842592592592592 0.009895833333333333 0.012962962962962964
1 0.3145833333333333 0.8115740740740741 0.009375 0.012037037037037037
1 0.3671875 0.8944444444444445 0.008333333333333333 0.014814814814814815
1 0.5135416666666667 0.32037037037037036 0.007291666666666667 0.011111111111111112
1 0.5013020833333334 0.34120370370370373 0.0067708333333333336 0.012037037037037037
1 0.5348958333333333 0.362962962962963 0.008333333333333333 0.012962962962962964
1 0.4903645833333333 0.4138888888888889 0.0078125 0.014814814814814815
1 0.5098958333333333 0.41620370370370374 0.009375 0.012037037037037037
1 0.41380208333333335 0.4328703703703704 0.008854166666666666 0.010185185185185186
1 0.3971354166666667 0.4439814814814815 0.0078125 0.012037037037037037
1 0.39140625 0.49212962962962964 0.005729166666666666 0.015740740740740743
1 0.39817708333333335 0.49259259259259264 0.0078125 0.016666666666666666
1 0.44921875 0.5050925925925926 0.0067708333333333336 0.012037037037037037
1 0.43255208333333334 0.5231481481481481 0.0078125 0.012962962962962964
1 0.45703125 0.537962962962963 0.0078125 0.011111111111111112
1 0.44687499999999997 0.562962962962963 0.007291666666666667 0.011111111111111112
1 0.4549479166666667 0.5587962962962963 0.0078125 0.010185185185185186
1 0.4317708333333333 0.5976851851851852 0.009375 0.012037037037037037
1 0.4302083333333333 0.6203703703703703 0.009375 0.012962962962962964
1 0.459375 0.6689814814814815 0.008333333333333333 0.01388888888888889
1 0.49114583333333334 0.7134259259259259 0.008333333333333333 0.015740740740740743
1 0.4015625 0.8416666666666667 0.009375 0.012962962962962964
1 0.4375 0.8472222222222222 0.007291666666666667 0.012962962962962964
1 0.46197916666666666 0.8462962962962963 0.010416666666666666 0.012962962962962964
1 0.571875 0.8060185185185186 0.010416666666666666 0.012037037037037037
1 0.5580729166666667 0.6578703703703704 0.0067708333333333336 0.012037037037037037
1 0.6341145833333334 0.5944444444444444 0.0067708333333333336 0.016666666666666666
1 0.5372395833333333 0.4689814814814815 0.0078125 0.015740740740740743
1 0.5572916666666666 0.4324074074074074 0.009375 0.011111111111111112
1 0.6010416666666667 0.4416666666666667 0.008333333333333333 0.012962962962962964
0 0.4341145833333333 0.4569444444444445 0.6119791666666666 0.9120370370370371
2 0.4328125 0.4777777777777778 0.003125 0.005555555555555556
3 0.4348958333333333 0.47824074074074074 0.125 0.18796296296296297
