1 0.5645833333333333 0.1375 0.008333333333333333 0.010185185185185186
1 0.3111979166666667 0.12268518518518519 0.0078125 0.010185185185185186
1 0.28932291666666665 0.29212962962962963 0.009895833333333333 0.012037037037037037
1 0.346875 0.22453703703703703 0.010416666666666666 0.012037037037037037
1 0.3723958333333333 0.2902777777777778 0.007291666666666667 0.012037037037037037
1 0.40572916666666664 0.274537037037037 0.008333333333333333 0.012037037037037037
1 0.5143229166666666 0.32175925925925924 0.0067708333333333336 0.012037037037037037
1 0.5018229166666667 0.3416666666666667 0.0067708333333333336 0.011111111111111112
1 0.5361979166666666 0.36342592592592593 0.0078125 0.01388888888888889
1 0.2518229166666667 0.44212962962962965 0.008854166666666666 0.012037037037037037
1 0.2622395833333333 0.48194444444444445 0.008854166666666666 0.01388888888888889
1 0.2864583333333333 0.5592592592592592 0.007291666666666667 0.014814814814814815
1 0.2739583333333333 0.6328703703703704 0.008333333333333333 0.015740740740740743
1 0.253125 0.6842592592592592 0.009375 0.014814814814814815
1 0.24010416666666667 0.7657407407407407 0.007291666666666667 0.014814814814814815
1 0.21666666666666667 0.8537037037037037 0.008333333333333333 0.016666666666666666
1 0.3223958333333333 0.5282407407407408 0.008333333333333333 0.01388888888888889
1 0.359375 0.4217592592592593 0.005208333333333333 0.012037037037037037
1 0.3765625 0.40092592592592596 0.007291666666666667 0.011111111111111112
1 0.40260416666666665 0.38703703703703707 0.007291666666666667 0.012962962962962964
1 0.36015625 0.4990740740740741 0.005729166666666666 0.012962962962962964
1 0.36302083333333335 0.5231481481481481 0.007291666666666667 0.012962962962962964
1 0.34348958333333335 0.5648148148148149 0.008854166666666666 0.012962962962962964
1 0.39739583333333334 0.4449074074074074 0.007291666666666667 0.010185185185185186
1 0.4140625 0.4337962962962963 0.007291666666666667 0.012037037037037037
1 0.3921875 0.49259259259259264 0.00625 0.016666666666666666
1 0.39947916666666666 0.49259259259259264 0.007291666666666667 0.012962962962962964
1 0.4908854166666667 0.41481481481481486 0.0067708333333333336 0.011111111111111112
1 0.5106770833333333 0.41712962962962963 0.008854166666666666 0.012037037037037037
1 0.4497395833333333 0.5055555555555555 0.0067708333333333336 0.011111111111111112
1 0.43333333333333335 0.5240740740740741 0.008333333333333333 0.012962962962962964
1 0.45703125 0.537962962962963 0.008854166666666666 0.011111111111111112
1 0.33619791666666665 0.6828703703703703 0.009895833333333333 0.012037037037037037
1 0.3151041666666667 0.8115740740740741 0.009375 0.012037037037037037
1 0.35572916666666665 0.8180555555555555 0.009375 0.012037037037037037
1 0.4036458333333333 0.8435185185185186 0.009375 0.012962962962962964
1 0.36744791666666665 0.8958333333333334 0.008854166666666666 0.01388888888888889
1 0.4380208333333333 0.85 0.008333333333333333 0.011111111111111112
1 0.4622395833333333 0.8467592592592593 0.0078125 0.012037037037037037
1 0.4473958333333333 0.5643518518518519 0.00625 0.010185185185185186
1 0.45416666666666666 0.5615740740740741 0.008333333333333333 0.012037037037037037
1 0.43203125 0.5981481481481482 0.0078125 0.011111111111111112
1 0.4315104166666667 0.6226851851851852 0.008854166666666666 0.01388888888888889
1 0.46015625 0.6708333333333334 0.0078125 0.017592592592592594
1 0.49140625 0.7134259259259259 0.0078125 0.012037037037037037
1 0.5380208333333333 0.4703703703703704 0.007291666666666667 0.011111111111111112
1 0.5567708333333333 0.4337962962962963 0.007291666666666667 0.010185185185185186
1 0.60078125 0.4425925925925926 0.0078125 0.011111111111111112
1 0.5583333333333333 0.6583333333333333 0.007291666666666667 0.011111111111111112
1 0.5721354166666667 0.8069444444444445 0.009895833333333333 0.012037037037037037
1 0.6348958333333333 0.5958333333333333 0.009375 0.01388888888888889
0 0.4309895833333333 0.45787037037037037 0.6098958333333333 0.8953703703703704
2 0.43385416666666665 0.4791666666666667 0.003125 0.004629629629629629
3 0.4354166666666667 0.47731481481481486 0.12395833333333334 0.19351851851851853
