1 0.5544270833333333 0.5416666666666667 0.008854166666666666 0.011111111111111112
1 0.5348958333333333 0.6578703703703704 0.008333333333333333 0.01388888888888889
1 0.50546875 0.6935185185185185 0.0078125 0.014814814814814815
1 0.5190104166666667 0.7652777777777778 0.0078125 0.01388888888888889
1 0.63828125 0.5847222222222223 0.0078125 0.01388888888888889
1 0.6111979166666667 0.5916666666666667 0.0067708333333333336 0.011111111111111112
1 0.60859375 0.611574074074074 0.0067708333333333336 0.01388888888888889
1 0.6169270833333333 0.6870370370370371 0.0078125 0.012962962962962964
1 0.6622395833333333 0.6273148148148149 0.005729166666666666 0.012037037037037037
1 0.7174479166666666 0.6324074074074074 0.0067708333333333336 0.012962962962962964
1 0.6481770833333333 0.6527777777777778 0.0067708333333333336 0.011111111111111112
1 0.6447916666666667 0.6773148148148148 0.007291666666666667 0.01388888888888889
1 0.7013020833333333 0.7490740740740741 0.005729166666666666 0.009259259259259259
0 0.42343749999999997 0.4652777777777778 0.6072916666666667 0.9101851851851852
2 0.42890625 0.5231481481481481 0.0046875 0.003703703703703704
3 0.43072916666666666 0.5222222222222223 0.12395833333333334 0.20185185185185187
