1 0.5658854166666667 0.14166666666666666 0.0067708333333333336 0.014814814814814815
1 0.34921875 0.22962962962962963 0.009895833333333333 0.009259259259259259
1 0.37447916666666664 0.29583333333333334 0.008333333333333333 0.012037037037037037
1 0.40703125 0.2763888888888889 0.008854166666666666 0.012037037037037037
1 0.2916666666666667 0.2953703703703704 0.008333333333333333 0.012962962962962964
1 0.515625 0.3226851851851852 0.008333333333333333 0.015740740740740743
1 0.5028645833333333 0.3439814814814815 0.0067708333333333336 0.01388888888888889
1 0.2526041666666667 0.4462962962962963 0.008333333333333333 0.016666666666666666
1 0.2635416666666667 0.48333333333333334 0.011458333333333333 0.012962962962962964
1 0.28802083333333334 0.5625 0.008333333333333333 0.01388888888888889
1 0.3234375 0.5310185185185186 0.009375 0.017592592592592594
1 0.3453125 0.5689814814814815 0.010416666666666666 0.01388888888888889
1 0.3609375 0.42083333333333334 0.008333333333333333 0.015740740740740743
1 0.37786458333333334 0.4050925925925926 0.0067708333333333336 0.01388888888888889
1 0.403125 0.3912037037037037 0.00625 0.012037037037037037
1 0.36171875 0.5032407407407408 0.0067708333333333336 0.015740740740740743
1 0.3640625 0.5259259259259259 0.008333333333333333 0.014814814814814815
1 0.39947916666666666 0.4481481481481482 0.008333333333333333 0.012962962962962964
1 0.41510416666666666 0.4351851851851852 0.008333333333333333 0.011111111111111112
1 0.3932291666666667 0.4953703703703704 0.00625 0.016666666666666666
1 0.4 0.49583333333333335 0.007291666666666667 0.017592592592592594
1 0.53671875 0.36712962962962964 0.005729166666666666 0.012037037037037037
1 0.49296875 0.41805555555555557 0.0078125 0.012037037037037037
1 0.5122395833333333 0.42129629629629634 0.008854166666666666 0.012962962962962964
1 0.5578125 0.4375 0.008333333333333333 0.01388888888888889
1 0.5388020833333333 0.47314814814814815 0.008854166666666666 0.014814814814814815
1 0.6028645833333334 0.44583333333333336 0.008854166666666666 0.01388888888888889
1 0.4505208333333333 0.5087962962962963 0.008333333333333333 0.012037037037037037
1 0.4341145833333333 0.5268518518518519 0.0067708333333333336 0.012962962962962964
1 0.4588541666666667 0.5416666666666667 0.009375 0.011111111111111112
1 0.27578125 0.6361111111111112 0.008854166666666666 0.014814814814814815
1 0.25416666666666665 0.688425925925926 0.009375 0.017592592592592594
1 0.24166666666666667 0.7685185185185186 0.007291666666666667 0.014814814814814815
1 0.3380208333333333 0.6893518518518519 0.009375 0.015740740740740743
1 0.44817708333333334 0.5666666666666667 0.0067708333333333336 0.011111111111111112
1 0.4557291666666667 0.563425925925926 0.008333333333333333 0.01388888888888889
1 0.43385416666666665 0.6018518518518519 0.008333333333333333 0.014814814814814815
1 0.4328125 0.625 0.009375 0.012962962962962964
1 0.6364583333333333 0.5972222222222222 0.008333333333333333 0.014814814814814815
1 0.559375 0.6597222222222222 0.009375 0.012037037037037037
1 0.4609375 0.6726851851851852 0.009375 0.015740740740740743
1 0.49244791666666665 0.7166666666666667 0.008854166666666666 0.011111111111111112
1 0.21927083333333333 0.8569444444444445 0.009375 0.01388888888888889
1 0.3177083333333333 0.8175925925925926 0.010416666666666666 0.014814814814814815
1 0.35859375 0.8240740740740741 0.009895833333333333 0.014814814814814815
1 0.4049479166666667 0.8481481481481482 0.008854166666666666 0.014814814814814815
1 0.43984375 0.8537037037037037 0.0109375 0.014814814814814815
1 0.46380208333333334 0.850462962962963 0.011979166666666666 0.01388888888888889
1 0.57265625 0.8083333333333333 0.008854166666666666 0.016666666666666666
0 0.43307291666666664 0.45601851851851855 0.6078125 0.8990740740740741
2 0.4359375 0.4810185185185185 0.0010416666666666667 0.008333333333333333
3 0.43776041666666665 0.48055555555555557 0.1265625 0.18703703703703706
