1 0.54609375 0.23240740740740742 0.005729166666666666 0.009259259259259259
1 0.5109375 0.2555555555555556 0.007291666666666667 0.014814814814814815
1 0.4903645833333333 0.2851851851851852 0.0067708333333333336 0.009259259259259259
1 0.6419270833333334 0.3263888888888889 0.0078125 0.015740740740740743
1 0.59140625 0.43472222222222223 0.0078125 0.01388888888888889
1 0.69609375 0.4226851851851852 0.008854166666666666 0.015740740740740743
1 0.5473958333333333 0.8787037037037038 0.008333333333333333 0.012962962962962964
0 0.4395833333333333 0.4416666666666667 0.603125 0.8740740740740741
2 0.44687499999999997 0.4847222222222222 0.003125 0.008333333333333333
3 0.44817708333333334 0.4814814814814815 0.12343749999999999 0.1925925925925926
