1 0.3463541666666667 0.23148148148148148 0.010416666666666666 0.014814814814814815
1 0.31145833333333334 0.1300925925925926 0.009375 0.012037037037037037
1 0.28932291666666665 0.29814814814814816 0.0078125 0.012962962962962964
1 0.37213541666666666 0.29953703703703705 0.0078125 0.017592592592592594
1 0.51328125 0.32731481481481484 0.0078125 0.012037037037037037
1 0.5346354166666667 0.3703703703703704 0.0067708333333333336 0.011111111111111112
1 0.5096354166666667 0.4240740740740741 0.009895833333333333 0.012962962962962964
1 0.40182291666666664 0.39490740740740743 0.0078125 0.012037037037037037
1 0.2513020833333333 0.4481481481481482 0.008854166666666666 0.012962962962962964
1 0.26197916666666665 0.48703703703703705 0.008333333333333333 0.012962962962962964
1 0.3598958333333333 0.42638888888888893 0.008333333333333333 0.012037037037037037
1 0.36015625 0.5046296296296297 0.0078125 0.012962962962962964
1 0.32135416666666666 0.5333333333333333 0.008333333333333333 0.012962962962962964
1 0.28541666666666665 0.5648148148148149 0.009375 0.014814814814814815
1 0.34322916666666664 0.5722222222222223 0.010416666666666666 0.014814814814814815
1 0.27291666666666664 0.637962962962963 0.008333333333333333 0.012962962962962964
1 0.2526041666666667 0.6898148148148149 0.009375 0.014814814814814815
1 0.23958333333333334 0.7689814814814815 0.008333333333333333 0.015740740740740743
1 0.3359375 0.6902777777777778 0.010416666666666666 0.015740740740740743
1 0.39765625 0.4518518518518519 0.008854166666666666 0.011111111111111112
1 0.3919270833333333 0.4986111111111111 0.0078125 0.015740740740740743
1 0.39869791666666665 0.49953703703703706 0.0067708333333333336 0.015740740740740743
1 0.43359375 0.5319444444444444 0.0109375 0.017592592592592594
1 0.45651041666666664 0.5458333333333334 0.0078125 0.012037037037037037
1 0.4309895833333333 0.6277777777777778 0.011979166666666666 0.014814814814814815
1 0.490625 0.7199074074074074 0.009375 0.01388888888888889
1 0.5567708333333333 0.663425925925926 0.007291666666666667 0.012037037037037037
1 0.6341145833333334 0.6018518518518519 0.008854166666666666 0.011111111111111112
1 0.6005208333333333 0.44953703703703707 0.008333333333333333 0.012037037037037037
1 0.4375 0.8550925925925926 0.010416666666666666 0.015740740740740743
0 0.4296875 0.4532407407407408 0.6010416666666667 0.9009259259259259
2 0.43333333333333335 0.48333333333333334 0.0020833333333333333 0.003703703703703704
3 0.4354166666666667 0.48750000000000004 0.12604166666666666 0.19351851851851853
