1 0.6684895833333333 0.2986111111111111 0.008854166666666666 0.010185185185185186
1 0.6080729166666666 0.3013888888888889 0.009895833333333333 0.012037037037037037
1 0.5270833333333333 0.6930555555555555 0.00625 0.01388888888888889
1 0.5588541666666667 0.575462962962963 0.008333333333333333 0.010185185185185186
1 0.57734375 0.5064814814814815 0.0067708333333333336 0.011111111111111112
1 0.5973958333333333 0.4703703703703704 0.00625 0.011111111111111112
1 0.6223958333333334 0.4703703703703704 0.00625 0.011111111111111112
1 0.6375 0.5120370370370371 0.00625 0.012962962962962964
1 0.6755208333333333 0.46435185185185185 0.00625 0.012037037037037037
1 0.6916666666666667 0.45972222222222225 0.007291666666666667 0.012037037037037037
1 0.703125 0.5018518518518519 0.00625 0.014814814814814815
1 0.75625 0.42129629629629634 0.00625 0.014814814814814815
0 0.5752604166666666 0.39814814814814814 0.5380208333333333 0.7907407407407407
2 0.5708333333333333 0.4203703703703704 0.0020833333333333333 0.001851851851851852
3 0.5705729166666667 0.425462962962963 0.10989583333333333 0.19351851851851853
