1 0.459375 0.10648148148148148 0.00625 0.014814814814814815
1 0.4536458333333333 0.35555555555555557 0.00625 0.012962962962962964
1 0.3885416666666667 0.6986111111111112 0.00625 0.008333333333333333
1 0.403125 0.7115740740740741 0.008333333333333333 0.012037037037037037
1 0.39765625 0.8120370370370371 0.0078125 0.012962962962962964
1 0.5203125 0.7675925925925926 0.008333333333333333 0.012962962962962964
1 0.5231770833333333 0.4712962962962963 0.0067708333333333336 0.009259259259259259
1 0.55234375 0.4652777777777778 0.005729166666666666 0.010185185185185186
1 0.5825520833333333 0.6967592592592593 0.005729166666666666 0.010185185185185186
1 0.6479166666666667 0.3055555555555556 0.00625 0.009259259259259259
1 0.6296875 0.39351851851851855 0.00625 0.014814814814814815
1 0.64296875 0.38657407407407407 0.0067708333333333336 0.015740740740740743
1 0.6294270833333333 0.47175925925925927 0.0067708333333333336 0.01388888888888889
1 0.6200520833333333 0.612037037037037 0.0078125 0.012962962962962964
1 0.64296875 0.5046296296296297 0.0067708333333333336 0.011111111111111112
1 0.6502604166666667 0.4759259259259259 0.0067708333333333336 0.012962962962962964
1 0.65234375 0.5666666666666667 0.005729166666666666 0.012962962962962964
1 0.6640625 0.6050925925925926 0.008333333333333333 0.01388888888888889
1 0.6838541666666667 0.5898148148148148 0.007291666666666667 0.014814814814814815
1 0.66953125 0.3541666666666667 0.0067708333333333336 0.012037037037037037
1 0.6763020833333333 0.39861111111111114 0.0067708333333333336 0.012037037037037037
1 0.6888020833333334 0.48750000000000004 0.0078125 0.010185185185185186
1 0.69765625 0.4615740740740741 0.0067708333333333336 0.010185185185185186
1 0.721875 0.34444444444444444 0.007291666666666667 0.012962962962962964
1 0.7020833333333333 0.5472222222222223 0.00625 0.012962962962962964
1 0.7638020833333333 0.45046296296296295 0.0078125 0.012037037037037037
1 0.7393229166666666 0.562962962962963 0.0078125 0.014814814814814815
1 0.7815104166666667 0.5115740740740741 0.008854166666666666 0.012037037037037037
0 0.5731770833333333 0.42314814814814816 0.5661458333333333 0.837037037037037
2 0.5640625 0.45092592592592595 0.0010416666666666667 0.005555555555555556
3 0.5640625 0.4393518518518519 0.11458333333333333 0.1824074074074074
