1 0.47031249999999997 0.09583333333333334 0.007291666666666667 0.015740740740740743
1 0.4630208333333333 0.33981481481481485 0.007291666666666667 0.014814814814814815
1 0.39869791666666665 0.6856481481481482 0.0078125 0.012037037037037037
1 0.4119791666666667 0.6962962962962963 0.008333333333333333 0.012962962962962964
1 0.4067708333333333 0.8009259259259259 0.00625 0.016666666666666666
1 0.52890625 0.7523148148148149 0.0078125 0.01388888888888889
1 0.6408854166666667 0.37962962962962965 0.0067708333333333336 0.012962962962962964
1 0.63984375 0.4564814814814815 0.0078125 0.014814814814814815
1 0.63203125 0.5986111111111111 0.005729166666666666 0.015740740740740743
1 0.6744791666666666 0.5944444444444444 0.007291666666666667 0.014814814814814815
1 0.6953125 0.5805555555555556 0.00625 0.016666666666666666
1 0.6635416666666667 0.5541666666666667 0.008333333333333333 0.012037037037037037
1 0.6622395833333333 0.46111111111111114 0.008854166666666666 0.011111111111111112
1 0.68203125 0.3421296296296296 0.008854166666666666 0.015740740740740743
1 0.73359375 0.33287037037037037 0.0067708333333333336 0.01388888888888889
1 0.6872395833333333 0.3851851851851852 0.0067708333333333336 0.020370370370370372
1 0.6994791666666667 0.4712962962962963 0.007291666666666667 0.014814814814814815
1 0.7138020833333333 0.5342592592592593 0.009895833333333333 0.014814814814814815
1 0.7096354166666666 0.4467592592592593 0.005729166666666666 0.012037037037037037
1 0.7942708333333334 0.4986111111111111 0.007291666666666667 0.010185185185185186
0 0.5822916666666667 0.40694444444444444 0.5677083333333334 0.8083333333333333
2 0.5747395833333333 0.43472222222222223 0.0015625 0.008333333333333333
3 0.57421875 0.42824074074074076 0.11510416666666666 0.18055555555555555
