1 0.6408854166666667 0.2800925925925926 0.0067708333333333336 0.017592592592592594
1 0.6536458333333334 0.3212962962962963 0.007291666666666667 0.016666666666666666
1 0.6231770833333333 0.29074074074074074 0.0078125 0.016666666666666666
1 0.60703125 0.3648148148148148 0.008854166666666666 0.016666666666666666
1 0.5692708333333333 0.39675925925925926 0.008333333333333333 0.017592592592592594
1 0.6989583333333333 0.4300925925925926 0.008333333333333333 0.015740740740740743
1 0.5697916666666667 0.6601851851851852 0.008333333333333333 0.020370370370370372
1 0.4419270833333333 0.8106481481481482 0.0078125 0.017592592592592594
1 0.49947916666666664 0.9564814814814815 0.011458333333333333 0.018518518518518517
1 0.61484375 0.8064814814814815 0.0067708333333333336 0.016666666666666666
1 0.6265625 0.6759259259259259 0.008333333333333333 0.014814814814814815
1 0.6375 0.6912037037037038 0.00625 0.01388888888888889
1 0.6739583333333333 0.7222222222222222 0.008333333333333333 0.020370370370370372
1 0.7651041666666667 0.737037037037037 0.008333333333333333 0.016666666666666666
0 0.6252604166666667 0.6226851851851852 0.4796875 0.7546296296296297
2 0.6208333333333333 0.7092592592592593 0.0020833333333333333 0.005555555555555556
3 0.6205729166666667 0.7078703703703704 0.0984375 0.1564814814814815
