1 0.6184895833333334 0.19722222222222224 0.0078125 0.016666666666666666
1 0.5640625 0.5856481481481481 0.008333333333333333 0.017592592592592594
1 0.43124999999999997 0.7513888888888889 0.008333333333333333 0.01388888888888889
1 0.4901041666666667 0.9009259259259259 0.007291666666666667 0.018518518518518517
1 0.6106770833333334 0.7319444444444445 0.008854166666666666 0.019444444444444445
1 0.6223958333333334 0.5990740740740741 0.00625 0.012962962962962964
1 0.6359375 0.6138888888888889 0.007291666666666667 0.016666666666666666
1 0.67265625 0.6430555555555556 0.0078125 0.017592592592592594
1 0.7666666666666666 0.6560185185185186 0.009375 0.01388888888888889
0 0.6208333333333333 0.549537037037037 0.4947916666666667 0.8083333333333333
2 0.6166666666666667 0.6333333333333333 0.004166666666666667 0.007407407407407408
3 0.6182291666666666 0.6263888888888889 0.09895833333333333 0.15833333333333333
