1 0.6138020833333333 0.2976851851851852 0.0078125 0.01388888888888889
1 0.675 0.2949074074074074 0.007291666666666667 0.01388888888888889
1 0.6033854166666667 0.46620370370370373 0.005729166666666666 0.012037037037037037
1 0.5653645833333333 0.5740740740740741 0.0078125 0.016666666666666666
1 0.6286458333333333 0.4671296296296297 0.007291666666666667 0.01388888888888889
1 0.6442708333333333 0.5106481481481482 0.007291666666666667 0.01388888888888889
1 0.68125 0.4620370370370371 0.007291666666666667 0.014814814814814815
1 0.6979166666666666 0.4569444444444445 0.008333333333333333 0.01388888888888889
1 0.71015625 0.5 0.0067708333333333336 0.014814814814814815
1 0.7630208333333334 0.41574074074074074 0.005208333333333333 0.014814814814814815
0 0.5828125 0.3944444444444445 0.5385416666666667 0.7833333333333333
2 0.5765625 0.4222222222222222 0.0 0.001851851851851852
3 0.57734375 0.41805555555555557 0.10885416666666667 0.19351851851851853
