1 0.4395833333333333 0.39814814814814814 0.005208333333333333 0.011111111111111112
1 0.44765625 0.4652777777777778 0.0067708333333333336 0.008333333333333333
1 0.45625 0.4726851851851852 0.00625 0.012037037037037037
1 0.46875 0.47962962962962963 0.00625 0.011111111111111112
1 0.4549479166666667 0.6481481481481481 0.005729166666666666 0.009259259259259259
1 0.45078124999999997 0.6782407407407408 0.0078125 0.01388888888888889
1 0.559375 0.725925925925926 0.005208333333333333 0.009259259259259259
1 0.5994791666666667 0.687962962962963 0.007291666666666667 0.009259259259259259
1 0.5453125 0.3939814814814815 0.005208333333333333 0.012037037037037037
1 0.615625 0.4314814814814815 0.005208333333333333 0.012962962962962964
1 0.6763020833333333 0.5717592592592593 0.0067708333333333336 0.01388888888888889
1 0.7856770833333333 0.6935185185185185 0.0067708333333333336 0.011111111111111112
1 0.7776041666666667 0.7199074074074074 0.008333333333333333 0.012037037037037037
0 0.5622395833333333 0.3652777777777778 0.5057291666666667 0.7287037037037037
2 0.5598958333333334 0.3902777777777778 0.0020833333333333333 0.004629629629629629
3 0.56015625 0.38472222222222224 0.10781249999999999 0.18055555555555555
