1 0.46041666666666664 0.1125 0.007291666666666667 0.015740740740740743
1 0.45416666666666666 0.3578703703703704 0.005208333333333333 0.01388888888888889
1 0.3893229166666667 0.701388888888889 0.0067708333333333336 0.010185185185185186
1 0.403125 0.7138888888888889 0.007291666666666667 0.014814814814814815
1 0.5205729166666666 0.7708333333333334 0.0078125 0.015740740740740743
1 0.396875 0.8138888888888889 0.007291666666666667 0.012962962962962964
1 0.58359375 0.7023148148148148 0.0078125 0.015740740740740743
1 0.5526041666666667 0.46851851851851856 0.00625 0.012962962962962964
1 0.6294270833333333 0.3962962962962963 0.008854166666666666 0.014814814814814815
1 0.6294270833333333 0.47453703703703703 0.005729166666666666 0.015740740740740743
1 0.6203125 0.6180555555555556 0.007291666666666667 0.015740740740740743
1 0.6432291666666666 0.5069444444444444 0.004166666666666667 0.012037037037037037
1 0.6502604166666667 0.47824074074074074 0.0067708333333333336 0.015740740740740743
1 0.6432291666666666 0.3888888888888889 0.007291666666666667 0.014814814814814815
1 0.6703125 0.35694444444444445 0.008333333333333333 0.015740740740740743
1 0.7223958333333333 0.3490740740740741 0.007291666666666667 0.014814814814814815
1 0.6763020833333333 0.4027777777777778 0.008854166666666666 0.016666666666666666
1 0.6979166666666666 0.46481481481481485 0.00625 0.012962962962962964
1 0.68828125 0.4902777777777778 0.0067708333333333336 0.015740740740740743
1 0.7033854166666667 0.5509259259259259 0.008854166666666666 0.016666666666666666
1 0.65234375 0.5703703703703704 0.0078125 0.011111111111111112
1 0.6645833333333333 0.6111111111111112 0.005208333333333333 0.014814814814814815
1 0.6838541666666667 0.5949074074074074 0.007291666666666667 0.015740740740740743
1 0.7817708333333333 0.5175925925925926 0.007291666666666667 0.012962962962962964
0 0.57265625 0.42314814814814816 0.5630208333333333 0.8333333333333334
2 0.5640625 0.45462962962962966 0.0010416666666666667 0.001851851851851852
3 0.5651041666666666 0.4486111111111111 0.1125 0.18425925925925926
