1 0.521875 0.1087962962962963 0.007291666666666667 0.012037037037037037
1 0.3736979166666667 0.3740740740740741 0.005729166666666666 0.012962962962962964
1 0.4744791666666667 0.4046296296296297 0.007291666666666667 0.012962962962962964
1 0.45729166666666665 0.4842592592592593 0.007291666666666667 0.011111111111111112
1 0.51015625 0.7546296296296297 0.0067708333333333336 0.009259259259259259
1 0.5369791666666667 0.7185185185185186 0.008333333333333333 0.012962962962962964
1 0.5614583333333333 0.5328703703703704 0.007291666666666667 0.010185185185185186
1 0.57265625 0.7208333333333333 0.0078125 0.012037037037037037
1 0.58046875 0.712962962962963 0.005729166666666666 0.011111111111111112
1 0.5703125 0.7421296296296297 0.007291666666666667 0.012037037037037037
1 0.6002604166666666 0.7875 0.0067708333333333336 0.012037037037037037
1 0.60546875 0.5203703703703704 0.0078125 0.012962962962962964
1 0.6661458333333333 0.46990740740740744 0.00625 0.01388888888888889
1 0.68671875 0.47685185185185186 0.0078125 0.011111111111111112
1 0.684375 0.5268518518518519 0.009375 0.012962962962962964
1 0.72109375 0.3578703703703704 0.0078125 0.01388888888888889
0 0.5611979166666666 0.3819444444444445 0.5182291666666666 0.7583333333333334
2 0.5541666666666667 0.4027777777777778 0.003125 0.005555555555555556
3 0.5557291666666666 0.40740740740740744 0.10520833333333333 0.1814814814814815
