1 0.6015625 0.05740740740740741 0.00625 0.011111111111111112
1 0.5223958333333333 0.10138888888888889 0.009375 0.012037037037037037
1 0.7223958333333333 0.35324074074074074 0.007291666666666667 0.012037037037037037
1 0.6869791666666667 0.4726851851851852 0.008333333333333333 0.012037037037037037
1 0.68515625 0.5226851851851853 0.0078125 0.01388888888888889
1 0.6666666666666666 0.46296296296296297 0.007291666666666667 0.012962962962962964
1 0.6052083333333333 0.512962962962963 0.00625 0.011111111111111112
1 0.5609375 0.5268518518518519 0.008333333333333333 0.011111111111111112
1 0.5802083333333333 0.7087962962962964 0.004166666666666667 0.010185185185185186
1 0.6033854166666667 0.7342592592592593 0.0067708333333333336 0.009259259259259259
1 0.6 0.7837962962962963 0.00625 0.012037037037037037
1 0.5729166666666666 0.7175925925925927 0.005208333333333333 0.011111111111111112
1 0.5692708333333333 0.7393518518518519 0.00625 0.010185185185185186
1 0.53125 0.6814814814814815 0.007291666666666667 0.012962962962962964
1 0.5364583333333334 0.712962962962963 0.007291666666666667 0.016666666666666666
1 0.509375 0.7476851851851852 0.005208333333333333 0.010185185185185186
1 0.4317708333333333 0.6407407407407407 0.00625 0.011111111111111112
1 0.49973958333333335 0.5125000000000001 0.008854166666666666 0.01388888888888889
1 0.47421874999999997 0.39583333333333337 0.0067708333333333336 0.01388888888888889
1 0.4557291666666667 0.47500000000000003 0.007291666666666667 0.012962962962962964
1 0.43515624999999997 0.5444444444444445 0.0067708333333333336 0.011111111111111112
1 0.409375 0.49953703703703706 0.007291666666666667 0.015740740740740743
1 0.37213541666666666 0.3648148148148148 0.008854166666666666 0.011111111111111112
1 0.37578125 0.5810185185185185 0.008854166666666666 0.012037037037037037
0 0.5591145833333333 0.3731481481481482 0.5140625 0.7407407407407408
2 0.55625 0.40092592592592596 0.003125 0.001851851851851852
3 0.5552083333333333 0.40231481481481485 0.10416666666666667 0.1824074074074074
