1 0.4901041666666667 0.021296296296296296 0.009375 0.012962962962962964
1 0.5432291666666667 0.1587962962962963 0.007291666666666667 0.015740740740740743
1 0.62421875 0.26990740740740743 0.009895833333333333 0.021296296296296296
1 0.49322916666666666 0.4351851851851852 0.008333333333333333 0.016666666666666666
1 0.2872395833333333 0.5435185185185185 0.0109375 0.018518518518518517
1 0.3911458333333333 0.7087962962962964 0.010416666666666666 0.026851851851851852
1 0.5994791666666667 0.7555555555555555 0.011458333333333333 0.018518518518518517
0 0.5677083333333334 0.4800925925925926 0.6708333333333333 0.9583333333333334
2 0.5515625 0.47870370370370374 0.00625 0.003703703703703704
3 0.5518229166666666 0.47314814814814815 0.13177083333333334 0.21481481481481482
