1 0.6015625 0.05694444444444444 0.007291666666666667 0.01388888888888889
1 0.5223958333333333 0.10555555555555556 0.009375 0.011111111111111112
1 0.3723958333333333 0.3685185185185185 0.007291666666666667 0.012962962962962964
1 0.37578125 0.5861111111111111 0.005729166666666666 0.014814814814814815
1 0.41119791666666666 0.5041666666666667 0.0067708333333333336 0.012037037037037037
1 0.43203125 0.6472222222222223 0.0067708333333333336 0.012962962962962964
1 0.4359375 0.5509259259259259 0.007291666666666667 0.012962962962962964
1 0.46640624999999997 0.5805555555555556 0.0078125 0.014814814814814815
1 0.45729166666666665 0.48055555555555557 0.007291666666666667 0.011111111111111112
1 0.5098958333333333 0.750925925925926 0.005208333333333333 0.009259259259259259
1 0.6005208333333333 0.7861111111111111 0.008333333333333333 0.012962962962962964
1 0.60390625 0.7347222222222223 0.0046875 0.012037037037037037
1 0.5807291666666666 0.7111111111111111 0.00625 0.009259259259259259
1 0.5734375 0.7194444444444444 0.00625 0.014814814814814815
1 0.5700520833333333 0.7398148148148148 0.0046875 0.009259259259259259
1 0.5317708333333333 0.6847222222222222 0.007291666666666667 0.010185185185185186
1 0.53671875 0.7143518518518519 0.0067708333333333336 0.012037037037037037
1 0.4744791666666667 0.3995370370370371 0.008333333333333333 0.012037037037037037
1 0.5015625 0.47453703703703703 0.008333333333333333 0.010185185185185186
1 0.5010416666666666 0.5175925925925926 0.007291666666666667 0.012962962962962964
1 0.5541666666666667 0.42824074074074076 0.007291666666666667 0.012037037037037037
1 0.56171875 0.5282407407407408 0.0067708333333333336 0.01388888888888889
1 0.60546875 0.5157407407407407 0.0078125 0.014814814814814815
1 0.64453125 0.41435185185185186 0.0078125 0.01388888888888889
1 0.6372395833333333 0.49212962962962964 0.008854166666666666 0.010185185185185186
1 0.6611979166666666 0.3685185185185185 0.0067708333333333336 0.011111111111111112
1 0.6565104166666667 0.48564814814814816 0.0067708333333333336 0.010185185185185186
1 0.66640625 0.46481481481481485 0.0067708333333333336 0.012962962962962964
1 0.6864583333333333 0.47361111111111115 0.007291666666666667 0.010185185185185186
1 0.684375 0.5240740740740741 0.008333333333333333 0.014814814814814815
1 0.72109375 0.3541666666666667 0.0067708333333333336 0.01388888888888889
0 0.5580729166666667 0.3787037037037037 0.5119791666666667 0.7444444444444445
2 0.5541666666666667 0.40185185185185185 0.003125 0.003703703703703704
3 0.5572916666666666 0.40324074074074073 0.10416666666666667 0.18425925925925926
