1 0.43854166666666666 0.39675925925925926 0.005208333333333333 0.012037037037037037
1 0.5447916666666667 0.39305555555555555 0.00625 0.010185185185185186
1 0.44687499999999997 0.4625 0.00625 0.010185185185185186
1 0.45598958333333334 0.46944444444444444 0.0067708333333333336 0.011111111111111112
1 0.46822916666666664 0.4763888888888889 0.007291666666666667 0.01388888888888889
1 0.6138020833333333 0.4287037037037037 0.0046875 0.012962962962962964
1 0.45390625 0.6476851851851853 0.005729166666666666 0.012037037037037037
1 0.44921875 0.675462962962963 0.008854166666666666 0.012037037037037037
1 0.5989583333333334 0.6861111111111111 0.008333333333333333 0.011111111111111112
1 0.5583333333333333 0.7231481481481482 0.005208333333333333 0.011111111111111112
1 0.6747395833333333 0.5712962962962963 0.0067708333333333336 0.012962962962962964
1 0.78515625 0.6935185185185185 0.0067708333333333336 0.014814814814814815
1 0.77734375 0.7175925925925927 0.0067708333333333336 0.011111111111111112
0 0.5611979166666666 0.36712962962962964 0.49947916666666664 0.7212962962962963
2 0.5578125 0.38657407407407407 0.0020833333333333333 0.004629629629629629
3 0.5606770833333333 0.3875 0.10885416666666667 0.17500000000000002
