1 0.6018229166666667 0.05787037037037037 0.0067708333333333336 0.010185185185185186
1 0.52265625 0.10462962962962963 0.0078125 0.011111111111111112
1 0.49765624999999997 0.2902777777777778 0.0078125 0.01388888888888889
1 0.3734375 0.37083333333333335 0.007291666666666667 0.012037037037037037
1 0.4752604166666667 0.40092592592592596 0.0078125 0.012962962962962964
1 0.41015625 0.5060185185185185 0.0067708333333333336 0.012037037037037037
1 0.3768229166666667 0.5875 0.0078125 0.012037037037037037
1 0.4322916666666667 0.6467592592592593 0.00625 0.012037037037037037
1 0.43671875 0.5513888888888889 0.0067708333333333336 0.010185185185185186
1 0.45677083333333335 0.4814814814814815 0.007291666666666667 0.012962962962962964
1 0.4666666666666667 0.5819444444444445 0.00625 0.012037037037037037
1 0.47942708333333334 0.6333333333333333 0.0067708333333333336 0.011111111111111112
1 0.5106770833333333 0.7527777777777778 0.0067708333333333336 0.011111111111111112
1 0.6015625 0.7870370370370371 0.007291666666666667 0.012962962962962964
1 0.5018229166666667 0.4740740740740741 0.0067708333333333336 0.014814814814814815
1 0.50078125 0.5166666666666667 0.0067708333333333336 0.011111111111111112
1 0.50625 0.6620370370370371 0.007291666666666667 0.012962962962962964
1 0.5270833333333333 0.5412037037037037 0.007291666666666667 0.012037037037037037
1 0.5317708333333333 0.6856481481481482 0.007291666666666667 0.012037037037037037
1 0.5364583333333334 0.7157407407407408 0.007291666666666667 0.012962962962962964
1 0.5541666666666667 0.4291666666666667 0.00625 0.012037037037037037
1 0.5611979166666666 0.5300925925925926 0.0078125 0.012037037037037037
1 0.5872395833333334 0.5180555555555556 0.0067708333333333336 0.012037037037037037
1 0.6057291666666667 0.5162037037037037 0.008333333333333333 0.010185185185185186
1 0.5807291666666666 0.7115740740740741 0.005208333333333333 0.010185185185185186
1 0.57265625 0.7203703703703704 0.005729166666666666 0.012962962962962964
1 0.5700520833333333 0.7412037037037037 0.005729166666666666 0.010185185185185186
1 0.60390625 0.737037037037037 0.005729166666666666 0.009259259259259259
1 0.62890625 0.5814814814814815 0.0078125 0.016666666666666666
1 0.63671875 0.4930555555555556 0.0078125 0.012037037037037037
1 0.6447916666666667 0.41574074074074074 0.008333333333333333 0.014814814814814815
1 0.6622395833333333 0.3699074074074074 0.0067708333333333336 0.01388888888888889
1 0.6557291666666667 0.4851851851851852 0.007291666666666667 0.012962962962962964
1 0.6669270833333333 0.46574074074074073 0.0078125 0.007407407407407408
1 0.68671875 0.475462962962963 0.0067708333333333336 0.010185185185185186
1 0.6841145833333333 0.5240740740740741 0.0078125 0.014814814814814815
1 0.7213541666666666 0.3550925925925926 0.005208333333333333 0.010185185185185186
0 0.5575520833333333 0.37777777777777777 0.5109375 0.75
2 0.5541666666666667 0.40185185185185185 0.0010416666666666667 0.003703703703703704
3 0.5557291666666666 0.4050925925925926 0.10104166666666667 0.18055555555555555
