1 0.45338541666666665 0.3944444444444445 0.0067708333333333336 0.009259259259259259
1 0.46119791666666665 0.46111111111111114 0.0067708333333333336 0.011111111111111112
1 0.46979166666666666 0.46805555555555556 0.00625 0.010185185185185186
1 0.46588541666666666 0.6435185185185185 0.005729166666666666 0.009259259259259259
1 0.46197916666666666 0.6731481481481482 0.00625 0.011111111111111112
1 0.6286458333333333 0.43472222222222223 0.007291666666666667 0.010185185185185186
1 0.5692708333333333 0.725 0.005208333333333333 0.009259259259259259
0 0.571875 0.3819444444444445 0.49895833333333334 0.7583333333333334
2 0.57265625 0.39537037037037037 0.005729166666666666 0.001851851851851852
3 0.57265625 0.39212962962962966 0.10677083333333333 0.1787037037037037
