1 0.5471354166666667 0.1337962962962963 0.008854166666666666 0.01388888888888889
1 0.5408854166666667 0.3699074074074074 0.0046875 0.012037037037037037
1 0.609375 0.3074074074074074 0.00625 0.009259259259259259
1 0.6703125 0.3050925925925926 0.007291666666666667 0.010185185185185186
1 0.52734375 0.6944444444444444 0.005729166666666666 0.011111111111111112
1 0.5604166666666667 0.5819444444444445 0.00625 0.012037037037037037
1 0.5796875 0.5120370370370371 0.00625 0.012962962962962964
1 0.5986979166666666 0.47453703703703703 0.0078125 0.012037037037037037
1 0.6231770833333333 0.47361111111111115 0.0067708333333333336 0.01388888888888889
1 0.6388020833333333 0.5166666666666667 0.0067708333333333336 0.012962962962962964
1 0.6760416666666667 0.46990740740740744 0.007291666666666667 0.01388888888888889
1 0.6924479166666666 0.46342592592592596 0.0067708333333333336 0.012037037037037037
1 0.7036458333333333 0.5064814814814815 0.00625 0.016666666666666666
1 0.72265625 0.5055555555555555 0.0078125 0.012962962962962964
1 0.7567708333333333 0.425462962962963 0.005208333333333333 0.015740740740740743
1 0.7786458333333334 0.4388888888888889 0.00625 0.009259259259259259
1 0.8072916666666666 0.41435185185185186 0.007291666666666667 0.015740740740740743
0 0.5768229166666666 0.3990740740740741 0.5390625 0.7925925925925926
2 0.5713541666666666 0.4328703703703704 0.003125 0.004629629629629629
3 0.5713541666666666 0.4291666666666667 0.109375 0.1824074074074074
