1 0.4395833333333333 0.4013888888888889 0.005208333333333333 0.012037037037037037
1 0.4473958333333333 0.46574074074074073 0.007291666666666667 0.009259259259259259
1 0.45677083333333335 0.47222222222222227 0.005208333333333333 0.009259259259259259
1 0.46875 0.4791666666666667 0.007291666666666667 0.010185185185185186
1 0.4549479166666667 0.649537037037037 0.0067708333333333336 0.01388888888888889
1 0.45026041666666666 0.6787037037037037 0.0067708333333333336 0.011111111111111112
1 0.5583333333333333 0.725 0.007291666666666667 0.007407407407407408
1 0.5994791666666667 0.6875 0.007291666666666667 0.01388888888888889
1 0.5455729166666666 0.39537037037037037 0.0067708333333333336 0.011111111111111112
1 0.615625 0.4291666666666667 0.005208333333333333 0.010185185185185186
1 0.6755208333333333 0.5722222222222223 0.00625 0.011111111111111112
1 0.7859375 0.6944444444444444 0.008333333333333333 0.011111111111111112
1 0.7776041666666667 0.7199074074074074 0.00625 0.012037037037037037
0 0.56328125 0.375 0.5015625 0.7444444444444445
2 0.5588541666666667 0.39166666666666666 0.0020833333333333333 0.001851851851851852
3 0.5591145833333333 0.3902777777777778 0.10260416666666666 0.17500000000000002
