1 0.6020833333333333 0.0625 0.008333333333333333 0.010185185185185186
1 0.52421875 0.1125 0.009895833333333333 0.01388888888888889
1 0.4981770833333333 0.2953703703703704 0.0078125 0.011111111111111112
1 0.37447916666666664 0.3773148148148148 0.007291666666666667 0.012037037037037037
1 0.37786458333333334 0.5958333333333333 0.0067708333333333336 0.012037037037037037
1 0.4119791666666667 0.5111111111111112 0.005208333333333333 0.011111111111111112
1 0.4747395833333333 0.4064814814814815 0.0067708333333333336 0.012962962962962964
1 0.45859374999999997 0.48703703703703705 0.0078125 0.012962962962962964
1 0.4375 0.5574074074074075 0.005208333333333333 0.011111111111111112
1 0.43359375 0.6541666666666667 0.005729166666666666 0.012037037037037037
1 0.44427083333333334 0.6597222222222222 0.008333333333333333 0.012037037037037037
1 0.4669270833333333 0.587037037037037 0.0078125 0.011111111111111112
1 0.4809895833333333 0.6393518518518518 0.005729166666666666 0.01388888888888889
1 0.49166666666666664 0.7694444444444445 0.005208333333333333 0.011111111111111112
1 0.5111979166666667 0.7550925925925926 0.0046875 0.010185185185185186
1 0.5520833333333334 0.7736111111111111 0.00625 0.008333333333333333
1 0.6020833333333333 0.7870370370370371 0.008333333333333333 0.011111111111111112
1 0.5072916666666667 0.6666666666666667 0.00625 0.012962962962962964
1 0.5328125 0.687962962962963 0.007291666666666667 0.011111111111111112
1 0.5372395833333333 0.7189814814814816 0.0078125 0.010185185185185186
1 0.58125 0.7143518518518519 0.007291666666666667 0.008333333333333333
1 0.5734375 0.7217592592592593 0.005208333333333333 0.010185185185185186
1 0.5703125 0.7425925925925926 0.005208333333333333 0.007407407407407408
1 0.6041666666666666 0.7388888888888889 0.00625 0.011111111111111112
1 0.5020833333333333 0.47870370370370374 0.00625 0.011111111111111112
1 0.50234375 0.5212962962962964 0.005729166666666666 0.011111111111111112
1 0.5252604166666667 0.4967592592592593 0.005729166666666666 0.010185185185185186
1 0.5283854166666666 0.5449074074074074 0.0078125 0.010185185185185186
1 0.5544270833333333 0.43472222222222223 0.005729166666666666 0.010185185185185186
1 0.5622395833333333 0.5351851851851852 0.0067708333333333336 0.012962962962962964
1 0.5924479166666666 0.3648148148148148 0.005729166666666666 0.011111111111111112
1 0.60546875 0.4166666666666667 0.0067708333333333336 0.009259259259259259
1 0.6067708333333334 0.45972222222222225 0.008333333333333333 0.008333333333333333
1 0.5877604166666667 0.5217592592592593 0.0067708333333333336 0.010185185185185186
1 0.60703125 0.5208333333333334 0.0067708333333333336 0.012037037037037037
1 0.5934895833333333 0.5939814814814816 0.008854166666666666 0.012037037037037037
1 0.58359375 0.6273148148148149 0.0067708333333333336 0.01388888888888889
1 0.62890625 0.5828703703703704 0.0078125 0.01388888888888889
1 0.6575520833333334 0.35555555555555557 0.0067708333333333336 0.011111111111111112
1 0.6630208333333333 0.3768518518518519 0.00625 0.016666666666666666
1 0.64609375 0.4222222222222222 0.009895833333333333 0.009259259259259259
1 0.6380208333333334 0.45231481481481484 0.00625 0.012037037037037037
1 0.6375 0.4967592592592593 0.007291666666666667 0.010185185185185186
1 0.64296875 0.5328703703703704 0.0067708333333333336 0.012037037037037037
1 0.6903645833333333 0.4337962962962963 0.0067708333333333336 0.01388888888888889
1 0.66796875 0.47222222222222227 0.0078125 0.011111111111111112
1 0.65703125 0.49074074074074076 0.0067708333333333336 0.012962962962962964
1 0.6877604166666667 0.47962962962962963 0.0078125 0.011111111111111112
1 0.6854166666666667 0.5282407407407408 0.007291666666666667 0.012037037037037037
1 0.7140625 0.48055555555555557 0.007291666666666667 0.011111111111111112
1 0.7223958333333333 0.3601851851851852 0.007291666666666667 0.014814814814814815
1 0.8 0.6657407407407407 0.007291666666666667 0.014814814814814815
0 0.5611979166666666 0.37962962962962965 0.5036458333333333 0.7462962962962963
2 0.5541666666666667 0.4101851851851852 0.0010416666666666667 0.001851851851851852
3 0.55625 0.40694444444444444 0.10416666666666667 0.17685185185185187
