1 0.4622395833333333 0.12407407407407407 0.005729166666666666 0.016666666666666666
1 0.4552083333333333 0.3662037037037037 0.005208333333333333 0.01388888888888889
1 0.3893229166666667 0.7064814814814815 0.0078125 0.011111111111111112
1 0.40390624999999997 0.7166666666666667 0.0067708333333333336 0.012962962962962964
1 0.39765625 0.8189814814814815 0.0067708333333333336 0.012037037037037037
1 0.5213541666666667 0.7773148148148148 0.00625 0.015740740740740743
1 0.63046875 0.4013888888888889 0.0078125 0.01388888888888889
1 0.6309895833333333 0.4800925925925926 0.005729166666666666 0.01388888888888889
1 0.621875 0.625462962962963 0.007291666666666667 0.01388888888888889
1 0.6713541666666667 0.36388888888888893 0.007291666666666667 0.012962962962962964
1 0.72265625 0.3527777777777778 0.0078125 0.012962962962962964
1 0.67734375 0.40694444444444444 0.008854166666666666 0.015740740740740743
1 0.6513020833333333 0.4842592592592593 0.0067708333333333336 0.011111111111111112
1 0.6442708333333333 0.513425925925926 0.007291666666666667 0.012037037037037037
1 0.6536458333333334 0.5773148148148148 0.00625 0.010185185185185186
1 0.6653645833333334 0.6162037037037037 0.0078125 0.015740740740740743
1 0.6848958333333334 0.600925925925926 0.008333333333333333 0.011111111111111112
1 0.7033854166666667 0.5583333333333333 0.0078125 0.016666666666666666
1 0.6895833333333333 0.49768518518518523 0.009375 0.01388888888888889
1 0.6989583333333333 0.46990740740740744 0.007291666666666667 0.012037037037037037
1 0.78125 0.5222222222222223 0.008333333333333333 0.012962962962962964
0 0.5768229166666666 0.4203703703703704 0.5630208333333333 0.8351851851851853
2 0.5651041666666666 0.45925925925925926 0.0010416666666666667 0.001851851851851852
3 0.5666666666666667 0.45462962962962966 0.11145833333333333 0.17777777777777778
