1 0.6377604166666666 0.18425925925925926 0.0078125 0.016666666666666666
1 0.61875 0.19861111111111113 0.008333333333333333 0.01388888888888889
1 0.6520833333333333 0.22916666666666669 0.008333333333333333 0.015740740740740743
1 0.6018229166666667 0.27592592592592596 0.0067708333333333336 0.012962962962962964
1 0.5638020833333334 0.3111111111111111 0.0078125 0.018518518518518517
1 0.6986979166666667 0.3416666666666667 0.005729166666666666 0.018518518518518517
1 0.565625 0.5902777777777778 0.008333333333333333 0.015740740740740743
1 0.4341145833333333 0.7523148148148149 0.008854166666666666 0.01388888888888889
1 0.49166666666666664 0.9018518518518519 0.009375 0.012962962962962964
1 0.6122395833333333 0.737962962962963 0.0067708333333333336 0.016666666666666666
1 0.62265625 0.6032407407407407 0.0067708333333333336 0.01388888888888889
1 0.6364583333333333 0.6189814814814815 0.007291666666666667 0.01388888888888889
1 0.6739583333333333 0.6490740740740741 0.007291666666666667 0.016666666666666666
1 0.7666666666666666 0.6638888888888889 0.007291666666666667 0.016666666666666666
0 0.6239583333333333 0.5513888888888889 0.4927083333333333 0.8083333333333333
2 0.6166666666666667 0.637962962962963 0.0 0.001851851851851852
3 0.6182291666666666 0.6324074074074074 0.09895833333333333 0.16296296296296298
