1 0.4635416666666667 0.09861111111111112 0.00625 0.015740740740740743
1 0.4578125 0.34814814814814815 0.00625 0.014814814814814815
1 0.39296875 0.6939814814814815 0.005729166666666666 0.012037037037037037
1 0.40781249999999997 0.7055555555555556 0.00625 0.011111111111111112
1 0.4015625 0.8069444444444445 0.00625 0.008333333333333333
1 0.5244791666666666 0.7620370370370371 0.005208333333333333 0.014814814814814815
1 0.6346354166666667 0.3861111111111111 0.0078125 0.011111111111111112
1 0.634375 0.4638888888888889 0.00625 0.012962962962962964
1 0.6255208333333333 0.6083333333333334 0.007291666666666667 0.011111111111111112
1 0.6559895833333333 0.46805555555555556 0.0067708333333333336 0.012037037037037037
1 0.6578125 0.5611111111111111 0.005208333333333333 0.012962962962962964
1 0.66953125 0.6 0.0067708333333333336 0.012962962962962964
1 0.6893229166666667 0.5856481481481481 0.0078125 0.012037037037037037
1 0.675 0.3472222222222222 0.007291666666666667 0.011111111111111112
1 0.68125 0.3902777777777778 0.007291666666666667 0.01388888888888889
1 0.6934895833333333 0.47962962962962963 0.0067708333333333336 0.012962962962962964
1 0.703125 0.4537037037037037 0.00625 0.011111111111111112
1 0.7080729166666666 0.5407407407407407 0.0067708333333333336 0.012962962962962964
1 0.72734375 0.337037037037037 0.0067708333333333336 0.011111111111111112
1 0.7869791666666667 0.5050925925925926 0.00625 0.012037037037037037
0 0.5791666666666666 0.41944444444444445 0.5697916666666667 0.837037037037037
2 0.5697916666666667 0.44351851851851853 0.004166666666666667 0.001851851851851852
3 0.5708333333333333 0.4365740740740741 0.1125 0.17685185185185187
