1 0.6005208333333333 0.059722222222222225 0.008333333333333333 0.008333333333333333
1 0.52109375 0.1050925925925926 0.0078125 0.01388888888888889
1 0.37213541666666666 0.3699074074074074 0.0078125 0.012037037037037037
1 0.3755208333333333 0.5865740740740741 0.005208333333333333 0.012037037037037037
1 0.409375 0.5060185185185185 0.007291666666666667 0.012037037037037037
1 0.4359375 0.5518518518518519 0.007291666666666667 0.012962962962962964
1 0.43124999999999997 0.6458333333333334 0.00625 0.015740740740740743
1 0.4557291666666667 0.4810185185185185 0.007291666666666667 0.01388888888888889
1 0.4661458333333333 0.5819444444444445 0.007291666666666667 0.017592592592592594
1 0.47369791666666666 0.4 0.0067708333333333336 0.011111111111111112
1 0.5 0.5166666666666667 0.00625 0.012962962962962964
1 0.5098958333333333 0.7527777777777778 0.00625 0.011111111111111112
1 0.5307291666666667 0.6847222222222222 0.00625 0.012037037037037037
1 0.5354166666666667 0.7157407407407408 0.00625 0.011111111111111112
1 0.5692708333333333 0.7416666666666667 0.005208333333333333 0.009259259259259259
1 0.5713541666666666 0.7194444444444444 0.00625 0.011111111111111112
1 0.5794270833333334 0.7111111111111111 0.005729166666666666 0.009259259259259259
1 0.6033854166666667 0.7375 0.005729166666666666 0.01388888888888889
1 0.6 0.7856481481481482 0.007291666666666667 0.012037037037037037
1 0.5606770833333333 0.5314814814814816 0.0067708333333333336 0.016666666666666666
1 0.6049479166666667 0.5162037037037037 0.008854166666666666 0.015740740740740743
1 0.7203125 0.3541666666666667 0.007291666666666667 0.012037037037037037
1 0.6651041666666666 0.46574074074074073 0.007291666666666667 0.011111111111111112
1 0.6856770833333333 0.4740740740740741 0.0067708333333333336 0.011111111111111112
1 0.6838541666666667 0.5240740740740741 0.007291666666666667 0.012962962962962964
0 0.5559895833333334 0.37962962962962965 0.5078125 0.75
2 0.5546875 0.4064814814814815 0.004166666666666667 0.005555555555555556
3 0.5533854166666666 0.40324074074074073 0.10572916666666667 0.18055555555555555
