1 0.521875 0.10787037037037038 0.009375 0.012037037037037037
1 0.371875 0.3699074074074074 0.008333333333333333 0.012037037037037037
1 0.45703125 0.48194444444444445 0.0067708333333333336 0.015740740740740743
1 0.5609375 0.5314814814814816 0.00625 0.012962962962962964
1 0.6041666666666666 0.5171296296296296 0.008333333333333333 0.015740740740740743
1 0.6864583333333333 0.4759259259259259 0.007291666666666667 0.014814814814814815
1 0.68359375 0.525 0.0067708333333333336 0.012962962962962964
1 0.7208333333333333 0.3564814814814815 0.00625 0.012962962962962964
1 0.56953125 0.7416666666666667 0.008854166666666666 0.011111111111111112
0 0.5580729166666667 0.3787037037037037 0.5098958333333333 0.7481481481481482
2 0.5536458333333333 0.40092592592592596 0.0 0.005555555555555556
3 0.5552083333333333 0.4041666666666667 0.10833333333333334 0.1787037037037037
