1 0.60234375 0.061111111111111116 0.008854166666666666 0.014814814814814815
1 0.521875 0.10740740740740741 0.008333333333333333 0.011111111111111112
1 0.49713541666666666 0.2898148148148148 0.0067708333333333336 0.011111111111111112
1 0.3729166666666667 0.3712962962962963 0.008333333333333333 0.011111111111111112
1 0.4161458333333333 0.4027777777777778 0.007291666666666667 0.011111111111111112
1 0.5927083333333333 0.362962962962963 0.007291666666666667 0.011111111111111112
1 0.6049479166666667 0.4138888888888889 0.0067708333333333336 0.011111111111111112
1 0.60625 0.45462962962962966 0.008333333333333333 0.012962962962962964
1 0.60625 0.5171296296296296 0.007291666666666667 0.01388888888888889
1 0.6567708333333333 0.35185185185185186 0.007291666666666667 0.011111111111111112
1 0.6625 0.3712962962962963 0.007291666666666667 0.012962962962962964
1 0.7213541666666666 0.3560185185185185 0.00625 0.01388888888888889
1 0.6893229166666667 0.42685185185185187 0.0067708333333333336 0.011111111111111112
1 0.6453125 0.41712962962962963 0.009375 0.012037037037037037
1 0.6372395833333333 0.4481481481481482 0.005729166666666666 0.009259259259259259
1 0.6375 0.4939814814814815 0.007291666666666667 0.012037037037037037
1 0.6424479166666667 0.5296296296296297 0.005729166666666666 0.014814814814814815
1 0.6278645833333333 0.5486111111111112 0.0078125 0.012037037037037037
1 0.6296875 0.5791666666666667 0.008333333333333333 0.012037037037037037
1 0.6216145833333333 0.6217592592592592 0.0078125 0.01388888888888889
1 0.6674479166666667 0.4689814814814815 0.009895833333333333 0.010185185185185186
1 0.6565104166666667 0.48703703703703705 0.005729166666666666 0.012962962962962964
1 0.6875 0.47731481481481486 0.007291666666666667 0.012037037037037037
1 0.6854166666666667 0.525 0.007291666666666667 0.012962962962962964
1 0.7135416666666666 0.47824074074074074 0.007291666666666667 0.01388888888888889
1 0.7046875 0.6944444444444444 0.00625 0.012962962962962964
1 0.8002604166666667 0.6671296296296296 0.0067708333333333336 0.01388888888888889
1 0.6046875 0.7384259259259259 0.008333333333333333 0.012037037037037037
1 0.60234375 0.7870370370370371 0.0067708333333333336 0.011111111111111112
1 0.6466145833333333 0.7898148148148149 0.009895833333333333 0.012962962962962964
1 0.59375 0.5912037037037037 0.008333333333333333 0.012037037037037037
1 0.58359375 0.6263888888888889 0.0067708333333333336 0.01388888888888889
1 0.5747395833333333 0.6324074074074074 0.0078125 0.011111111111111112
1 0.559375 0.6671296296296296 0.008333333333333333 0.015740740740740743
1 0.5815104166666667 0.712962962962963 0.0067708333333333336 0.011111111111111112
1 0.5734375 0.7212962962962963 0.005208333333333333 0.011111111111111112
1 0.5705729166666667 0.7421296296296297 0.0067708333333333336 0.01388888888888889
1 0.553125 0.7726851851851853 0.00625 0.010185185185185186
1 0.5533854166666666 0.7208333333333333 0.008854166666666666 0.01388888888888889
1 0.53203125 0.687962962962963 0.008854166666666666 0.012962962962962964
1 0.5375 0.7162037037037037 0.007291666666666667 0.012037037037037037
1 0.5111979166666667 0.7513888888888889 0.0067708333333333336 0.010185185185185186
1 0.49192708333333335 0.7675925925925926 0.0078125 0.012962962962962964
1 0.5536458333333333 0.4314814814814815 0.007291666666666667 0.011111111111111112
1 0.5536458333333333 0.49212962962962964 0.005208333333333333 0.012037037037037037
1 0.5619791666666667 0.5328703703703704 0.00625 0.010185185185185186
1 0.5877604166666667 0.5185185185185185 0.0067708333333333336 0.012962962962962964
1 0.53671875 0.437962962962963 0.008854166666666666 0.014814814814814815
1 0.5184895833333333 0.3925925925925926 0.0067708333333333336 0.011111111111111112
1 0.5130208333333334 0.4134259259259259 0.005208333333333333 0.012037037037037037
1 0.5213541666666667 0.46111111111111114 0.007291666666666667 0.009259259259259259
1 0.5252604166666667 0.4953703703703704 0.0078125 0.014814814814814815
1 0.528125 0.5430555555555556 0.007291666666666667 0.01388888888888889
1 0.5059895833333333 0.662962962962963 0.0067708333333333336 0.012962962962962964
1 0.50078125 0.375 0.0078125 0.012962962962962964
1 0.5013020833333334 0.4759259259259259 0.0067708333333333336 0.012962962962962964
1 0.5010416666666666 0.5175925925925926 0.00625 0.011111111111111112
1 0.4747395833333333 0.40092592592592596 0.0078125 0.012962962962962964
1 0.4713541666666667 0.41250000000000003 0.00625 0.012037037037037037
1 0.4578125 0.4814814814814815 0.007291666666666667 0.014814814814814815
1 0.4669270833333333 0.5824074074074075 0.0078125 0.014814814814814815
1 0.4796875 0.6333333333333333 0.00625 0.014814814814814815
1 0.4421875 0.6537037037037037 0.007291666666666667 0.014814814814814815
1 0.43255208333333334 0.6472222222222223 0.0078125 0.011111111111111112
1 0.43723958333333335 0.5523148148148148 0.0078125 0.012037037037037037
1 0.41015625 0.5046296296296297 0.0078125 0.016666666666666666
1 0.37734375 0.5884259259259259 0.0067708333333333336 0.01388888888888889
0 0.56328125 0.37592592592592594 0.5140625 0.7351851851851852
2 0.5567708333333333 0.4064814814814815 0.004166666666666667 0.005555555555555556
3 0.55546875 0.40555555555555556 0.0984375 0.1851851851851852
