1 0.6447916666666667 0.37777777777777777 0.007291666666666667 0.014814814814814815
1 0.6442708333333333 0.4564814814814815 0.007291666666666667 0.011111111111111112
1 0.6338541666666666 0.5995370370370371 0.008333333333333333 0.015740740740740743
1 0.6677083333333333 0.5546296296296297 0.007291666666666667 0.016666666666666666
1 0.665625 0.46064814814814814 0.008333333333333333 0.015740740740740743
1 0.69140625 0.38101851851851853 0.008854166666666666 0.01388888888888889
1 0.7127604166666667 0.44537037037037036 0.005729166666666666 0.011111111111111112
1 0.703125 0.47314814814814815 0.007291666666666667 0.012962962962962964
1 0.7169270833333333 0.5337962962962963 0.0078125 0.010185185185185186
1 0.6981770833333333 0.5782407407407407 0.0067708333333333336 0.01388888888888889
1 0.7971354166666667 0.4986111111111111 0.0078125 0.015740740740740743
1 0.4015625 0.6837962962962963 0.007291666666666667 0.010185185185185186
0 0.5822916666666667 0.41574074074074074 0.5677083333333334 0.825925925925926
2 0.5786458333333333 0.43472222222222223 0.004166666666666667 0.000925925925925926
3 0.5770833333333333 0.4291666666666667 0.11354166666666667 0.1787037037037037
