1 0.60078125 0.061111111111111116 0.0078125 0.011111111111111112
1 0.5216145833333333 0.10787037037037038 0.0078125 0.015740740740740743
1 0.3723958333333333 0.3736111111111111 0.007291666666666667 0.012037037037037037
1 0.47291666666666665 0.4027777777777778 0.007291666666666667 0.012962962962962964
1 0.40911458333333334 0.5078703703703704 0.0078125 0.01388888888888889
1 0.45598958333333334 0.48333333333333334 0.008854166666666666 0.012962962962962964
1 0.37604166666666666 0.5912037037037037 0.00625 0.01388888888888889
1 0.4359375 0.5537037037037037 0.007291666666666667 0.011111111111111112
1 0.43124999999999997 0.65 0.007291666666666667 0.012962962962962964
1 0.465625 0.5847222222222223 0.008333333333333333 0.015740740740740743
1 0.5098958333333333 0.7555555555555555 0.007291666666666667 0.011111111111111112
1 0.5317708333333333 0.6861111111111111 0.007291666666666667 0.014814814814814815
1 0.5361979166666666 0.7171296296296297 0.008854166666666666 0.012037037037037037
1 0.5802083333333333 0.7138888888888889 0.005208333333333333 0.011111111111111112
1 0.571875 0.7231481481481482 0.005208333333333333 0.011111111111111112
1 0.5703125 0.7444444444444445 0.00625 0.009259259259259259
1 0.6036458333333333 0.7384259259259259 0.007291666666666667 0.012037037037037037
1 0.60078125 0.7865740740740741 0.009895833333333333 0.01388888888888889
1 0.5010416666666666 0.5189814814814815 0.007291666666666667 0.012037037037037037
1 0.5611979166666666 0.5319444444444444 0.0067708333333333336 0.01388888888888889
1 0.6052083333333333 0.5166666666666667 0.009375 0.012962962962962964
1 0.6658854166666667 0.4689814814814815 0.009895833333333333 0.01388888888888889
1 0.6856770833333333 0.47685185185185186 0.0078125 0.014814814814814815
1 0.6838541666666667 0.524537037037037 0.008333333333333333 0.012037037037037037
1 0.7203125 0.3564814814814815 0.00625 0.016666666666666666
0 0.5572916666666666 0.375 0.5135416666666667 0.7407407407407408
2 0.5536458333333333 0.4027777777777778 0.0 0.005555555555555556
3 0.5552083333333333 0.4050925925925926 0.10625 0.17685185185185187
