1 0.45468749999999997 0.47175925925925927 0.007291666666666667 0.010185185185185186
1 0.4614583333333333 0.5324074074074074 0.00625 0.011111111111111112
1 0.4705729166666667 0.5421296296296296 0.0046875 0.012037037037037037
1 0.48385416666666664 0.5481481481481482 0.009375 0.011111111111111112
1 0.4671875 0.7083333333333334 0.00625 0.014814814814814815
1 0.4627604166666667 0.736574074074074 0.0067708333333333336 0.015740740740740743
1 0.5588541666666667 0.4708333333333333 0.008333333333333333 0.012037037037037037
1 0.62578125 0.5046296296296297 0.008854166666666666 0.014814814814814815
1 0.6830729166666667 0.6337962962962963 0.0067708333333333336 0.01388888888888889
1 0.5690104166666666 0.7810185185185186 0.0046875 0.010185185185185186
0 0.5703125 0.40185185185185185 0.4895833333333333 0.7870370370370371
2 0.5713541666666666 0.4638888888888889 0.0010416666666666667 0.007407407407407408
3 0.5700520833333333 0.4638888888888889 0.1015625 0.17037037037037037
