1 0.45260416666666664 0.3842592592592593 0.005208333333333333 0.011111111111111112
1 0.46015625 0.45046296296296295 0.0067708333333333336 0.010185185185185186
1 0.46848958333333335 0.4587962962962963 0.0067708333333333336 0.010185185185185186
1 0.48125 0.46620370370370373 0.00625 0.012037037037037037
1 0.465625 0.637962962962963 0.007291666666666667 0.012962962962962964
1 0.46067708333333335 0.6662037037037037 0.0067708333333333336 0.01388888888888889
1 0.5692708333333333 0.7185185185185186 0.004166666666666667 0.011111111111111112
1 0.55703125 0.38657407407407407 0.0067708333333333336 0.012037037037037037
1 0.6276041666666666 0.42592592592592593 0.00625 0.011111111111111112
0 0.57109375 0.3680555555555556 0.5015625 0.7342592592592593
2 0.5723958333333333 0.38333333333333336 0.003125 0.005555555555555556
3 0.5729166666666666 0.37962962962962965 0.103125 0.17592592592592593
