1 0.6434895833333333 0.38101851851851853 0.005729166666666666 0.01388888888888889
1 0.68984375 0.3875 0.0078125 0.015740740740740743
1 0.6635416666666667 0.4625 0.008333333333333333 0.01388888888888889
1 0.6424479166666667 0.4601851851851852 0.0078125 0.016666666666666666
1 0.7122395833333334 0.45 0.0067708333333333336 0.012962962962962964
1 0.7020833333333333 0.475462962962963 0.00625 0.01388888888888889
1 0.665625 0.5569444444444445 0.007291666666666667 0.015740740740740743
1 0.69765625 0.5819444444444445 0.0078125 0.015740740740740743
1 0.7161458333333334 0.5370370370370371 0.007291666666666667 0.016666666666666666
1 0.7963541666666667 0.5023148148148149 0.008333333333333333 0.01388888888888889
0 0.5825520833333333 0.39814814814814814 0.5630208333333333 0.7907407407407407
2 0.5776041666666667 0.4388888888888889 0.004166666666666667 0.003703703703703704
3 0.578125 0.4300925925925926 0.11354166666666667 0.18425925925925926
