1 0.6013020833333333 0.05694444444444444 0.0067708333333333336 0.012037037037037037
1 0.521875 0.10416666666666667 0.008333333333333333 0.01388888888888889
1 0.3716145833333333 0.3689814814814815 0.0067708333333333336 0.01388888888888889
1 0.37473958333333335 0.5814814814814815 0.0078125 0.012962962962962964
1 0.40963541666666664 0.5 0.0067708333333333336 0.011111111111111112
1 0.43124999999999997 0.6416666666666667 0.008333333333333333 0.014814814814814815
1 0.4348958333333333 0.5462962962962963 0.007291666666666667 0.014814814814814815
1 0.45598958333333334 0.47685185185185186 0.005729166666666666 0.016666666666666666
1 0.4731770833333333 0.3976851851851852 0.0067708333333333336 0.01388888888888889
1 0.5 0.5143518518518518 0.008333333333333333 0.015740740740740743
1 0.465625 0.5768518518518518 0.00625 0.012962962962962964
1 0.53046875 0.6828703703703703 0.008854166666666666 0.01388888888888889
1 0.53515625 0.7106481481481481 0.0067708333333333336 0.012037037037037037
1 0.5091145833333334 0.7476851851851852 0.005729166666666666 0.012037037037037037
1 0.5692708333333333 0.7398148148148148 0.004166666666666667 0.012962962962962964
1 0.5716145833333334 0.7166666666666667 0.0046875 0.011111111111111112
1 0.5794270833333334 0.7092592592592593 0.005729166666666666 0.011111111111111112
1 0.6033854166666667 0.7351851851851852 0.005729166666666666 0.009259259259259259
1 0.6005208333333333 0.7824074074074074 0.00625 0.012962962962962964
1 0.5609375 0.5287037037037037 0.009375 0.014814814814814815
1 0.6059895833333333 0.513888888888889 0.008854166666666666 0.012962962962962964
1 0.6653645833333334 0.46435185185185185 0.0078125 0.010185185185185186
1 0.6861979166666666 0.47314814814814815 0.0067708333333333336 0.012962962962962964
1 0.6846354166666666 0.5222222222222223 0.0078125 0.011111111111111112
1 0.72109375 0.35370370370370374 0.0078125 0.014814814814814815
0 0.5567708333333333 0.37592592592592594 0.5145833333333333 0.7388888888888889
2 0.5546875 0.40092592592592596 0.0020833333333333333 0.001851851851851852
3 0.5552083333333333 0.4 0.10208333333333333 0.18333333333333335
