1 0.6130208333333333 0.2953703703703704 0.00625 0.012962962962962964
1 0.6041666666666666 0.4671296296296297 0.00625 0.012037037037037037
1 0.5653645833333333 0.5745370370370371 0.0078125 0.012037037037037037
1 0.62890625 0.46851851851851856 0.0067708333333333336 0.011111111111111112
1 0.6447916666666667 0.5106481481481482 0.00625 0.012037037037037037
1 0.675 0.29444444444444445 0.007291666666666667 0.012962962962962964
1 0.6815104166666667 0.4615740740740741 0.0067708333333333336 0.01388888888888889
1 0.6979166666666666 0.4564814814814815 0.00625 0.012962962962962964
1 0.71015625 0.4990740740740741 0.0078125 0.014814814814814815
0 0.5838541666666667 0.40694444444444444 0.5447916666666667 0.8009259259259259
2 0.5776041666666667 0.42129629629629634 0.0020833333333333333 0.003703703703703704
3 0.5778645833333333 0.4189814814814815 0.10781249999999999 0.19166666666666668
