1 0.60234375 0.059722222222222225 0.005729166666666666 0.008333333333333333
1 0.5221354166666666 0.10740740740740741 0.0067708333333333336 0.009259259259259259
1 0.49713541666666666 0.29074074074074074 0.005729166666666666 0.012962962962962964
1 0.3731770833333333 0.3703703703703704 0.0067708333333333336 0.011111111111111112
1 0.4158854166666667 0.4027777777777778 0.0078125 0.009259259259259259
1 0.49947916666666664 0.3740740740740741 0.007291666666666667 0.009259259259259259
1 0.4744791666666667 0.4 0.007291666666666667 0.009259259259259259
1 0.4705729166666667 0.4115740740740741 0.0046875 0.012037037037037037
1 0.4114583333333333 0.5046296296296297 0.007291666666666667 0.011111111111111112
1 0.3763020833333333 0.587037037037037 0.005729166666666666 0.012962962962962964
1 0.45729166666666665 0.47962962962962963 0.009375 0.009259259259259259
1 0.4359375 0.549537037037037 0.007291666666666667 0.012037037037037037
1 0.46640624999999997 0.5805555555555556 0.0067708333333333336 0.011111111111111112
1 0.43203125 0.6458333333333334 0.005729166666666666 0.008333333333333333
1 0.44166666666666665 0.6532407407407408 0.007291666666666667 0.012037037037037037
1 0.4796875 0.6319444444444444 0.00625 0.010185185185185186
1 0.5057291666666667 0.6620370370370371 0.00625 0.011111111111111112
1 0.5013020833333334 0.475462962962963 0.0078125 0.012037037037037037
1 0.5013020833333334 0.5180555555555556 0.005729166666666666 0.010185185185185186
1 0.5216145833333333 0.4601851851851852 0.005729166666666666 0.009259259259259259
1 0.5252604166666667 0.4953703703703704 0.0067708333333333336 0.011111111111111112
1 0.5276041666666667 0.5416666666666667 0.007291666666666667 0.009259259259259259
1 0.5315104166666667 0.6851851851851852 0.005729166666666666 0.011111111111111112
1 0.5106770833333333 0.7513888888888889 0.005729166666666666 0.008333333333333333
1 0.49140625 0.7662037037037037 0.0067708333333333336 0.010185185185185186
1 0.5520833333333334 0.7722222222222223 0.007291666666666667 0.009259259259259259
1 0.60078125 0.7870370370370371 0.0067708333333333336 0.007407407407407408
1 0.6458333333333334 0.788888888888889 0.008333333333333333 0.011111111111111112
1 0.5359375 0.7152777777777778 0.00625 0.012037037037037037
1 0.5528645833333333 0.7189814814814816 0.0067708333333333336 0.010185185185185186
1 0.5591145833333333 0.6671296296296296 0.0078125 0.012037037037037037
1 0.57109375 0.7398148148148148 0.0067708333333333336 0.011111111111111112
1 0.5723958333333333 0.7199074074074074 0.004166666666666667 0.010185185185185186
1 0.58046875 0.712962962962963 0.005729166666666666 0.009259259259259259
1 0.60390625 0.737037037037037 0.0046875 0.009259259259259259
1 0.5541666666666667 0.4300925925925926 0.008333333333333333 0.010185185185185186
1 0.5536458333333333 0.49074074074074076 0.004166666666666667 0.011111111111111112
1 0.56171875 0.5314814814814816 0.0046875 0.009259259259259259
1 0.5747395833333333 0.6296296296296297 0.005729166666666666 0.009259259259259259
1 0.5833333333333334 0.625 0.007291666666666667 0.012962962962962964
1 0.59296875 0.5893518518518519 0.0078125 0.008333333333333333
1 0.5875 0.5166666666666667 0.00625 0.012962962962962964
1 0.5927083333333333 0.3615740740740741 0.007291666666666667 0.010185185185185186
1 0.6046875 0.412962962962963 0.008333333333333333 0.011111111111111112
1 0.6049479166666667 0.45462962962962966 0.005729166666666666 0.011111111111111112
1 0.6059895833333333 0.5162037037037037 0.0078125 0.012037037037037037
1 0.65703125 0.35185185185185186 0.0067708333333333336 0.011111111111111112
1 0.66328125 0.3703703703703704 0.0067708333333333336 0.011111111111111112
1 0.6447916666666667 0.4166666666666667 0.007291666666666667 0.011111111111111112
1 0.6372395833333333 0.4481481481481482 0.0067708333333333336 0.011111111111111112
1 0.6364583333333333 0.49259259259259264 0.00625 0.009259259259259259
1 0.6424479166666667 0.5282407407407408 0.0078125 0.012037037037037037
1 0.6278645833333333 0.5481481481481482 0.0078125 0.011111111111111112
1 0.6294270833333333 0.5814814814814815 0.0078125 0.012962962962962964
1 0.6221354166666666 0.6217592592592592 0.0078125 0.010185185185185186
1 0.7216145833333333 0.3564814814814815 0.005729166666666666 0.011111111111111112
1 0.68984375 0.4287037037037037 0.0067708333333333336 0.011111111111111112
1 0.66796875 0.46805555555555556 0.0078125 0.010185185185185186
1 0.6567708333333333 0.48750000000000004 0.00625 0.012037037037037037
1 0.6872395833333333 0.4763888888888889 0.0067708333333333336 0.012037037037037037
1 0.7140625 0.47731481481481486 0.005208333333333333 0.012037037037037037
1 0.6854166666666667 0.525 0.007291666666666667 0.011111111111111112
1 0.7059895833333333 0.6967592592592593 0.0067708333333333336 0.010185185185185186
1 0.8010416666666667 0.6657407407407407 0.007291666666666667 0.009259259259259259
0 0.5591145833333333 0.3787037037037037 0.5161458333333333 0.7518518518518519
2 0.5557291666666666 0.4046296296296297 0.0 0.005555555555555556
3 0.55625 0.40324074074074073 0.10208333333333333 0.17685185185185187
