1 0.6015625 0.05740740740740741 0.007291666666666667 0.011111111111111112
1 0.5213541666666667 0.10324074074074074 0.007291666666666667 0.010185185185185186
1 0.49635416666666665 0.28703703703703703 0.00625 0.012962962962962964
1 0.7213541666666666 0.3527777777777778 0.007291666666666667 0.011111111111111112
1 0.7138020833333333 0.47500000000000003 0.0078125 0.012962962962962964
1 0.68984375 0.4240740740740741 0.0067708333333333336 0.012962962962962964
1 0.6565104166666667 0.3490740740740741 0.0078125 0.011111111111111112
1 0.6625 0.3680555555555556 0.008333333333333333 0.01388888888888889
1 0.6432291666666666 0.4138888888888889 0.00625 0.012962962962962964
1 0.6661458333333333 0.4652777777777778 0.00625 0.012037037037037037
1 0.6864583333333333 0.47314814814814815 0.00625 0.009259259259259259
1 0.684375 0.5217592592592593 0.008333333333333333 0.01388888888888889
1 0.6559895833333333 0.48379629629629634 0.0078125 0.012037037037037037
1 0.6361979166666667 0.4912037037037037 0.0078125 0.012037037037037037
1 0.64140625 0.5277777777777778 0.0078125 0.012962962962962964
1 0.628125 0.5787037037037037 0.007291666666666667 0.011111111111111112
1 0.7997395833333333 0.6652777777777779 0.0078125 0.012037037037037037
1 0.60546875 0.5162037037037037 0.0078125 0.010185185185185186
1 0.5864583333333333 0.5171296296296296 0.008333333333333333 0.012037037037037037
1 0.5919270833333333 0.3597222222222222 0.005729166666666666 0.01388888888888889
1 0.5533854166666666 0.4273148148148148 0.0078125 0.01388888888888889
1 0.5606770833333333 0.5282407407407408 0.009895833333333333 0.01388888888888889
1 0.5809895833333333 0.7111111111111111 0.0067708333333333336 0.011111111111111112
1 0.60390625 0.7356481481481482 0.0067708333333333336 0.01388888888888889
1 0.6002604166666666 0.7861111111111111 0.008854166666666666 0.012962962962962964
1 0.5723958333333333 0.7189814814814816 0.008333333333333333 0.010185185185185186
1 0.5692708333333333 0.7412037037037037 0.007291666666666667 0.010185185185185186
1 0.5518229166666666 0.7699074074074075 0.0067708333333333336 0.012037037037037037
1 0.51015625 0.7495370370370371 0.0067708333333333336 0.010185185185185186
1 0.49114583333333334 0.7652777777777778 0.00625 0.01388888888888889
1 0.5361979166666666 0.7134259259259259 0.0067708333333333336 0.01388888888888889
1 0.5317708333333333 0.6814814814814815 0.008333333333333333 0.011111111111111112
1 0.5052083333333334 0.6592592592592593 0.007291666666666667 0.011111111111111112
1 0.5276041666666667 0.5398148148148149 0.007291666666666667 0.014814814814814815
1 0.50078125 0.5152777777777778 0.0078125 0.012037037037037037
1 0.5013020833333334 0.4726851851851852 0.005729166666666666 0.012037037037037037
1 0.47369791666666666 0.39861111111111114 0.0046875 0.012037037037037037
1 0.4557291666666667 0.47731481481481486 0.007291666666666667 0.01388888888888889
1 0.46588541666666666 0.5777777777777778 0.0067708333333333336 0.011111111111111112
1 0.47890625 0.6324074074074074 0.0067708333333333336 0.012962962962962964
1 0.44166666666666665 0.6509259259259259 0.007291666666666667 0.011111111111111112
1 0.4317708333333333 0.6449074074074075 0.007291666666666667 0.012037037037037037
1 0.4361979166666667 0.55 0.0067708333333333336 0.011111111111111112
1 0.41015625 0.5037037037037038 0.005729166666666666 0.012962962962962964
1 0.37265625 0.3675925925925926 0.0067708333333333336 0.012962962962962964
1 0.37578125 0.5851851851851853 0.0078125 0.012962962962962964
2 0.5546875 0.3990740740740741 0.0020833333333333333 0.005555555555555556
0 0.56015625 0.3768518518518519 0.5098958333333333 0.7444444444444445
3 0.55625 0.4013888888888889 0.10416666666666667 0.18055555555555555
