1 0.6010416666666667 0.05648148148148149 0.007291666666666667 0.009259259259259259
1 0.521875 0.10416666666666667 0.008333333333333333 0.010185185185185186
1 0.37083333333333335 0.36712962962962964 0.007291666666666667 0.008333333333333333
1 0.375 0.5842592592592593 0.007291666666666667 0.012962962962962964
1 0.409375 0.5023148148148149 0.007291666666666667 0.012037037037037037
1 0.4734375 0.39814814814814814 0.009375 0.011111111111111112
1 0.45598958333333334 0.4763888888888889 0.0067708333333333336 0.01388888888888889
1 0.43515624999999997 0.5467592592592593 0.0067708333333333336 0.010185185185185186
1 0.43072916666666666 0.6425925925925926 0.007291666666666667 0.009259259259259259
1 0.46588541666666666 0.5796296296296296 0.0067708333333333336 0.012962962962962964
1 0.5002604166666667 0.5152777777777778 0.0067708333333333336 0.01388888888888889
1 0.51015625 0.7481481481481482 0.005729166666666666 0.009259259259259259
1 0.5309895833333333 0.6828703703703703 0.005729166666666666 0.010185185185185186
1 0.5354166666666667 0.712962962962963 0.007291666666666667 0.011111111111111112
1 0.5697916666666667 0.7416666666666667 0.005208333333333333 0.009259259259259259
1 0.5723958333333333 0.7180555555555556 0.007291666666666667 0.010185185185185186
1 0.5796875 0.7101851851851853 0.005208333333333333 0.009259259259259259
1 0.603125 0.7347222222222223 0.00625 0.010185185185185186
1 0.5994791666666667 0.7842592592592593 0.007291666666666667 0.011111111111111112
1 0.56171875 0.5291666666666667 0.008854166666666666 0.01388888888888889
1 0.6052083333333333 0.5148148148148148 0.008333333333333333 0.011111111111111112
1 0.6658854166666667 0.46574074074074073 0.0067708333333333336 0.011111111111111112
1 0.6861979166666666 0.47453703703703703 0.008854166666666666 0.010185185185185186
1 0.684375 0.5236111111111111 0.008333333333333333 0.012037037037037037
1 0.72109375 0.3527777777777778 0.0078125 0.011111111111111112
0 0.55703125 0.37777777777777777 0.5119791666666667 0.7425925925925926
2 0.553125 0.3990740740740741 0.003125 0.001851851851851852
3 0.5541666666666667 0.4013888888888889 0.10416666666666667 0.17685185185185187
