1 0.4635416666666667 0.0925925925925926 0.008333333333333333 0.014814814814814815
1 0.45807291666666666 0.3476851851851852 0.005729166666666666 0.017592592592592594
1 0.39296875 0.6902777777777778 0.0067708333333333336 0.010185185185185186
1 0.40729166666666666 0.7023148148148148 0.007291666666666667 0.015740740740740743
1 0.5247395833333334 0.7592592592592593 0.0078125 0.014814814814814815
1 0.40208333333333335 0.8037037037037037 0.008333333333333333 0.012962962962962964
1 0.62578125 0.6027777777777777 0.0078125 0.012962962962962964
1 0.65703125 0.5592592592592592 0.008854166666666666 0.014814814814814815
1 0.66953125 0.5981481481481482 0.0078125 0.014814814814814815
1 0.68828125 0.5828703703703704 0.0078125 0.015740740740740743
1 0.709375 0.5388888888888889 0.008333333333333333 0.016666666666666666
1 0.6346354166666667 0.3861111111111111 0.0067708333333333336 0.016666666666666666
1 0.6348958333333333 0.46342592592592596 0.009375 0.017592592592592594
1 0.65625 0.46620370370370373 0.007291666666666667 0.01388888888888889
1 0.69375 0.4777777777777778 0.00625 0.014814814814814815
1 0.7033854166666667 0.45462962962962966 0.0078125 0.014814814814814815
1 0.7270833333333333 0.33472222222222225 0.008333333333333333 0.01388888888888889
1 0.6763020833333333 0.3462962962962963 0.008854166666666666 0.012962962962962964
1 0.6809895833333334 0.3888888888888889 0.0078125 0.012962962962962964
1 0.78828125 0.5041666666666667 0.008854166666666666 0.012037037037037037
0 0.57734375 0.4166666666666667 0.5661458333333333 0.8277777777777778
2 0.56875 0.44074074074074077 0.0020833333333333333 0.003703703703703704
3 0.5708333333333333 0.4342592592592593 0.11041666666666666 0.17777777777777778
