1 0.54609375 0.1300925925925926 0.005729166666666666 0.01388888888888889
1 0.6080729166666666 0.12731481481481483 0.0078125 0.015740740740740743
1 0.6067708333333334 0.30462962962962964 0.008333333333333333 0.014814814814814815
1 0.5403645833333334 0.3666666666666667 0.0078125 0.012962962962962964
1 0.5072916666666667 0.4217592592592593 0.00625 0.01388888888888889
1 0.52734375 0.6935185185185185 0.0078125 0.014814814814814815
1 0.5591145833333333 0.5810185185185185 0.0067708333333333336 0.01388888888888889
1 0.57890625 0.5106481481481482 0.0067708333333333336 0.01388888888888889
1 0.596875 0.47314814814814815 0.008333333333333333 0.014814814814814815
1 0.6223958333333334 0.47453703703703703 0.007291666666666667 0.01388888888888889
1 0.6375 0.5152777777777778 0.00625 0.012037037037037037
1 0.6809895833333334 0.6958333333333334 0.0067708333333333336 0.01388888888888889
1 0.6684895833333333 0.3027777777777778 0.005729166666666666 0.014814814814814815
1 0.6736979166666667 0.2939814814814815 0.0067708333333333336 0.01388888888888889
1 0.6747395833333333 0.4666666666666667 0.0078125 0.014814814814814815
1 0.6924479166666666 0.4625 0.005729166666666666 0.015740740740740743
1 0.7036458333333333 0.5050925925925926 0.00625 0.015740740740740743
1 0.721875 0.5037037037037038 0.007291666666666667 0.011111111111111112
1 0.7252604166666666 0.5462962962962963 0.0078125 0.014814814814814815
1 0.7565104166666666 0.4236111111111111 0.0067708333333333336 0.017592592592592594
1 0.7783854166666666 0.4398148148148148 0.0067708333333333336 0.012962962962962964
1 0.80703125 0.41250000000000003 0.0078125 0.01388888888888889
0 0.5763020833333333 0.40185185185185185 0.5359375 0.7833333333333333
2 0.5703125 0.4287037037037037 0.0010416666666666667 0.003703703703703704
3 0.5713541666666666 0.4240740740740741 0.10625 0.1814814814814815
