1 0.6385416666666667 0.1837962962962963 0.009375 0.012037037037037037
1 0.6208333333333333 0.19861111111111113 0.007291666666666667 0.01388888888888889
1 0.6528645833333333 0.22824074074074074 0.008854166666666666 0.01388888888888889
1 0.6036458333333333 0.27824074074074073 0.007291666666666667 0.015740740740740743
1 0.5661458333333333 0.31203703703703706 0.008333333333333333 0.014814814814814815
1 0.6994791666666667 0.33981481481481485 0.00625 0.016666666666666666
1 0.5671875 0.5907407407407408 0.008333333333333333 0.016666666666666666
1 0.43463541666666666 0.7523148148148149 0.0078125 0.017592592592592594
1 0.6130208333333333 0.7402777777777778 0.007291666666666667 0.015740740740740743
1 0.6252604166666667 0.6050925925925926 0.0078125 0.01388888888888889
1 0.6377604166666666 0.6199074074074075 0.005729166666666666 0.015740740740740743
1 0.67421875 0.649537037037037 0.008854166666666666 0.017592592592592594
1 0.7677083333333333 0.6648148148148149 0.009375 0.016666666666666666
1 0.4934895833333333 0.9027777777777778 0.0109375 0.014814814814814815
0 0.625 0.5486111111111112 0.4947916666666667 0.8064814814814815
2 0.6166666666666667 0.6398148148148148 0.0020833333333333333 0.001851851851851852
3 0.6197916666666666 0.6314814814814815 0.10208333333333333 0.16481481481481483
