1 0.6018229166666667 0.059722222222222225 0.005729166666666666 0.012037037037037037
1 0.5221354166666666 0.10601851851851853 0.0078125 0.010185185185185186
1 0.49713541666666666 0.29074074074074074 0.005729166666666666 0.011111111111111112
1 0.3734375 0.3717592592592593 0.008333333333333333 0.012037037037037037
1 0.37734375 0.5907407407407408 0.005729166666666666 0.007407407407407408
1 0.41119791666666666 0.5083333333333333 0.0067708333333333336 0.011111111111111112
1 0.43255208333333334 0.6486111111111111 0.005729166666666666 0.010185185185185186
1 0.4419270833333333 0.6555555555555556 0.005729166666666666 0.009259259259259259
1 0.43697916666666664 0.5537037037037037 0.00625 0.011111111111111112
1 0.4575520833333333 0.48240740740740745 0.0067708333333333336 0.012962962962962964
1 0.4747395833333333 0.4013888888888889 0.005729166666666666 0.012037037037037037
1 0.46640624999999997 0.5828703703703704 0.005729166666666666 0.010185185185185186
1 0.47994791666666664 0.6351851851851852 0.0067708333333333336 0.011111111111111112
1 0.50703125 0.6643518518518519 0.0067708333333333336 0.012037037037037037
1 0.49140625 0.7685185185185186 0.005729166666666666 0.009259259259259259
1 0.5106770833333333 0.7541666666666667 0.005729166666666666 0.010185185185185186
1 0.5518229166666666 0.7731481481481481 0.0046875 0.009259259259259259
1 0.6005208333333333 0.7865740740740741 0.007291666666666667 0.010185185185185186
1 0.5328125 0.6861111111111111 0.00625 0.011111111111111112
1 0.5364583333333334 0.7166666666666667 0.007291666666666667 0.012962962962962964
1 0.58125 0.712962962962963 0.00625 0.011111111111111112
1 0.5731770833333333 0.7199074074074074 0.0067708333333333336 0.010185185185185186
1 0.5708333333333333 0.7412037037037037 0.00625 0.010185185185185186
1 0.6041666666666666 0.7356481481481482 0.005208333333333333 0.008333333333333333
1 0.5018229166666667 0.475462962962963 0.0067708333333333336 0.010185185185185186
1 0.5015625 0.5185185185185185 0.00625 0.009259259259259259
1 0.5268229166666667 0.5421296296296296 0.0078125 0.012037037037037037
1 0.5546875 0.4310185185185185 0.007291666666666667 0.012037037037037037
1 0.5611979166666666 0.5296296296296297 0.005729166666666666 0.011111111111111112
1 0.59296875 0.362962962962963 0.0078125 0.011111111111111112
1 0.5875 0.5189814814814815 0.005208333333333333 0.01388888888888889
1 0.6059895833333333 0.5175925925925926 0.0078125 0.011111111111111112
1 0.6291666666666667 0.5810185185185185 0.008333333333333333 0.012037037037037037
1 0.6567708333333333 0.350462962962963 0.00625 0.012037037037037037
1 0.66328125 0.37222222222222223 0.0067708333333333336 0.011111111111111112
1 0.6447916666666667 0.4166666666666667 0.007291666666666667 0.012962962962962964
1 0.6369791666666667 0.49259259259259264 0.008333333333333333 0.009259259259259259
1 0.6424479166666667 0.5305555555555556 0.0067708333333333336 0.012962962962962964
1 0.721875 0.35462962962962963 0.00625 0.011111111111111112
1 0.68984375 0.42824074074074076 0.0067708333333333336 0.010185185185185186
1 0.6677083333333333 0.46805555555555556 0.008333333333333333 0.010185185185185186
1 0.6565104166666667 0.4865740740740741 0.0067708333333333336 0.010185185185185186
1 0.6872395833333333 0.4759259259259259 0.0067708333333333336 0.011111111111111112
1 0.6854166666666667 0.525462962962963 0.008333333333333333 0.012037037037037037
1 0.71328125 0.47685185185185186 0.005729166666666666 0.011111111111111112
1 0.80078125 0.6657407407407407 0.0067708333333333336 0.009259259259259259
0 0.56015625 0.37962962962962965 0.5161458333333333 0.7537037037037038
2 0.5567708333333333 0.4046296296296297 0.0020833333333333333 0.005555555555555556
3 0.55625 0.4050925925925926 0.10416666666666667 0.18055555555555555
