1 0.5216145833333333 0.10833333333333334 0.005729166666666666 0.009259259259259259
1 0.3734375 0.3712962962962963 0.007291666666666667 0.011111111111111112
1 0.45651041666666664 0.48055555555555557 0.0078125 0.011111111111111112
1 0.5614583333333333 0.5296296296296297 0.007291666666666667 0.009259259259259259
1 0.68671875 0.47824074074074074 0.0067708333333333336 0.01388888888888889
1 0.6833333333333333 0.525462962962963 0.008333333333333333 0.012037037037037037
1 0.56875 0.7435185185185186 0.00625 0.014814814814814815
1 0.7208333333333333 0.3550925925925926 0.007291666666666667 0.01388888888888889
0 0.56015625 0.37962962962962965 0.5078125 0.7574074074074074
2 0.5552083333333333 0.40555555555555556 0.0010416666666666667 0.003703703703703704
3 0.5557291666666666 0.40324074074074073 0.103125 0.17685185185185187
