1 0.459375 0.10972222222222222 0.007291666666666667 0.015740740740740743
1 0.453125 0.3574074074074074 0.005208333333333333 0.012962962962962964
1 0.3888020833333333 0.7000000000000001 0.0046875 0.011111111111111112
1 0.4028645833333333 0.712037037037037 0.0067708333333333336 0.011111111111111112
1 0.39739583333333334 0.812962962962963 0.007291666666666667 0.016666666666666666
1 0.52421875 0.47361111111111115 0.005729166666666666 0.012037037037037037
1 0.5528645833333333 0.46851851851851856 0.008854166666666666 0.012962962962962964
1 0.5205729166666666 0.7708333333333334 0.0078125 0.015740740740740743
1 0.5825520833333333 0.700462962962963 0.0067708333333333336 0.01388888888888889
1 0.6486979166666667 0.3055555555555556 0.008854166666666666 0.011111111111111112
1 0.6296875 0.3944444444444445 0.008333333333333333 0.014814814814814815
1 0.6286458333333333 0.47222222222222227 0.008333333333333333 0.012962962962962964
1 0.6208333333333333 0.6157407407407408 0.009375 0.014814814814814815
1 0.64375 0.38842592592592595 0.00625 0.01388888888888889
1 0.6510416666666666 0.47731481481481486 0.008333333333333333 0.010185185185185186
1 0.64375 0.5046296296296297 0.00625 0.011111111111111112
1 0.65390625 0.5703703703703704 0.0078125 0.011111111111111112
1 0.6643229166666667 0.6092592592592593 0.0078125 0.014814814814814815
1 0.6708333333333333 0.3560185185185185 0.00625 0.01388888888888889
1 0.6760416666666667 0.3990740740740741 0.007291666666666667 0.018518518518518517
1 0.6888020833333334 0.4902777777777778 0.008854166666666666 0.012037037037037037
1 0.684375 0.5916666666666667 0.00625 0.014814814814814815
1 0.7033854166666667 0.55 0.0078125 0.011111111111111112
1 0.6981770833333333 0.46481481481481485 0.0067708333333333336 0.012962962962962964
1 0.72109375 0.3462962962962963 0.0078125 0.012962962962962964
1 0.78203125 0.5157407407407407 0.005729166666666666 0.012962962962962964
0 0.57265625 0.4240740740740741 0.5671875 0.8425925925925927
2 0.5625 0.4518518518518519 0.0020833333333333333 0.003703703703703704
3 0.565625 0.4476851851851852 0.11354166666666667 0.17500000000000002
