1 0.6057291666666667 0.024537037037037038 0.007291666666666667 0.01388888888888889
1 0.5986979166666666 0.050462962962962966 0.0067708333333333336 0.012037037037037037
1 0.5260416666666666 0.2476851851851852 0.00625 0.010185185185185186
1 0.57890625 0.28750000000000003 0.005729166666666666 0.012037037037037037
1 0.6364583333333333 0.27592592592592596 0.00625 0.014814814814814815
1 0.67890625 0.525462962962963 0.0067708333333333336 0.010185185185185186
1 0.5791666666666666 0.5875 0.00625 0.010185185185185186
1 0.6424479166666667 0.7097222222222223 0.0067708333333333336 0.012037037037037037
0 0.5677083333333334 0.37222222222222223 0.5104166666666666 0.7425925925925926
2 0.55625 0.3944444444444445 0.003125 0.007407407407407408
3 0.55859375 0.39490740740740743 0.1109375 0.17685185185185187
