1 0.6013020833333333 0.0587962962962963 0.0067708333333333336 0.01388888888888889
1 0.5221354166666666 0.10601851851851853 0.008854166666666666 0.012037037037037037
1 0.496875 0.2888888888888889 0.00625 0.012962962962962964
1 0.4166666666666667 0.40231481481481485 0.007291666666666667 0.01388888888888889
1 0.7216145833333333 0.3550925925925926 0.0078125 0.012037037037037037
1 0.7145833333333333 0.4763888888888889 0.007291666666666667 0.012037037037037037
1 0.8002604166666667 0.6662037037037037 0.0067708333333333336 0.015740740740740743
1 0.70546875 0.6944444444444444 0.005729166666666666 0.012962962962962964
1 0.6567708333333333 0.35000000000000003 0.008333333333333333 0.011111111111111112
1 0.6625 0.36944444444444446 0.00625 0.011111111111111112
1 0.6895833333333333 0.4273148148148148 0.007291666666666667 0.012037037037037037
1 0.6875 0.4763888888888889 0.008333333333333333 0.010185185185185186
1 0.6859375 0.525 0.008333333333333333 0.014814814814814815
1 0.6682291666666667 0.4671296296296297 0.007291666666666667 0.012037037037037037
1 0.6453125 0.41574074074074074 0.008333333333333333 0.012962962962962964
1 0.6372395833333333 0.4476851851851852 0.0078125 0.01388888888888889
1 0.6572916666666666 0.4861111111111111 0.007291666666666667 0.012962962962962964
1 0.63671875 0.49259259259259264 0.008854166666666666 0.012962962962962964
1 0.64296875 0.5291666666666667 0.0067708333333333336 0.015740740740740743
1 0.6296875 0.5791666666666667 0.008333333333333333 0.01388888888888889
1 0.6221354166666666 0.6208333333333333 0.0067708333333333336 0.015740740740740743
1 0.5924479166666666 0.3611111111111111 0.0067708333333333336 0.011111111111111112
1 0.6046875 0.41203703703703703 0.009375 0.012962962962962964
1 0.60546875 0.4532407407407408 0.0067708333333333336 0.012037037037037037
1 0.6057291666666667 0.5148148148148148 0.007291666666666667 0.014814814814814815
1 0.59375 0.5902777777777778 0.008333333333333333 0.01388888888888889
1 0.6041666666666666 0.7356481481481482 0.00625 0.01388888888888889
1 0.6455729166666666 0.7865740740740741 0.008854166666666666 0.012037037037037037
1 0.6013020833333333 0.7861111111111111 0.0078125 0.012962962962962964
1 0.5815104166666667 0.712037037037037 0.0078125 0.011111111111111112
1 0.5731770833333333 0.7194444444444444 0.0067708333333333336 0.011111111111111112
1 0.5705729166666667 0.7398148148148148 0.005729166666666666 0.012962962962962964
1 0.5520833333333334 0.7717592592592593 0.007291666666666667 0.012037037037037037
1 0.49192708333333335 0.7652777777777778 0.0067708333333333336 0.010185185185185186
1 0.5106770833333333 0.7513888888888889 0.005729166666666666 0.012037037037037037
1 0.553125 0.7166666666666667 0.008333333333333333 0.009259259259259259
1 0.5361979166666666 0.7143518518518519 0.005729166666666666 0.012037037037037037
1 0.5322916666666666 0.6842592592592592 0.00625 0.014814814814814815
1 0.5583333333333333 0.6662037037037037 0.008333333333333333 0.012037037037037037
1 0.5744791666666667 0.6296296296296297 0.00625 0.014814814814814815
1 0.5833333333333334 0.6231481481481481 0.007291666666666667 0.011111111111111112
1 0.5872395833333334 0.5166666666666667 0.0078125 0.012962962962962964
1 0.55390625 0.4287037037037037 0.0067708333333333336 0.011111111111111112
1 0.5619791666666667 0.5291666666666667 0.007291666666666667 0.01388888888888889
1 0.5216145833333333 0.45972222222222225 0.0067708333333333336 0.008333333333333333
1 0.5239583333333333 0.49259259259259264 0.007291666666666667 0.014814814814814815
1 0.5270833333333333 0.5407407407407407 0.007291666666666667 0.014814814814814815
1 0.5 0.3731481481481482 0.007291666666666667 0.011111111111111112
1 0.5015625 0.4740740740740741 0.00625 0.011111111111111112
1 0.5013020833333334 0.5162037037037037 0.005729166666666666 0.012037037037037037
1 0.50625 0.6601851851851852 0.00625 0.009259259259259259
1 0.4796875 0.6324074074074074 0.00625 0.014814814814814815
1 0.4666666666666667 0.5805555555555556 0.007291666666666667 0.014814814814814815
1 0.4747395833333333 0.4 0.005729166666666666 0.014814814814814815
1 0.45703125 0.47870370370370374 0.0078125 0.011111111111111112
1 0.40989583333333335 0.5023148148148149 0.007291666666666667 0.01388888888888889
1 0.4361979166666667 0.549537037037037 0.0067708333333333336 0.01388888888888889
1 0.44140625 0.650462962962963 0.005729166666666666 0.012037037037037037
1 0.4317708333333333 0.6444444444444445 0.00625 0.012962962962962964
1 0.3763020833333333 0.5856481481481481 0.0078125 0.012037037037037037
1 0.3734375 0.3712962962962963 0.009375 0.011111111111111112
0 0.5596354166666666 0.3740740740740741 0.5088541666666666 0.7388888888888889
2 0.5557291666666666 0.3990740740740741 0.0 0.001851851851851852
3 0.5557291666666666 0.4041666666666667 0.103125 0.17500000000000002
