1 0.6013020833333333 0.05555555555555556 0.0067708333333333336 0.009259259259259259
1 0.5221354166666666 0.10277777777777779 0.0067708333333333336 0.009259259259259259
1 0.37265625 0.3666666666666667 0.0067708333333333336 0.007407407407407408
1 0.37578125 0.5824074074074075 0.0067708333333333336 0.012962962962962964
1 0.40911458333333334 0.5032407407407408 0.0078125 0.010185185185185186
1 0.47421874999999997 0.39814814814814814 0.0078125 0.011111111111111112
1 0.45651041666666664 0.4777777777777778 0.0067708333333333336 0.011111111111111112
1 0.4359375 0.549537037037037 0.005208333333333333 0.010185185185185186
1 0.43203125 0.6453703703703704 0.005729166666666666 0.011111111111111112
1 0.4653645833333333 0.5796296296296296 0.0067708333333333336 0.012962962962962964
1 0.5010416666666666 0.5152777777777778 0.007291666666666667 0.008333333333333333
1 0.5309895833333333 0.6833333333333333 0.0078125 0.009259259259259259
1 0.5356770833333333 0.7138888888888889 0.005729166666666666 0.014814814814814815
1 0.5096354166666667 0.7490740740740741 0.0067708333333333336 0.009259259259259259
1 0.58046875 0.7097222222222223 0.005729166666666666 0.008333333333333333
1 0.5723958333333333 0.7189814814814816 0.005208333333333333 0.010185185185185186
1 0.5700520833333333 0.7393518518518519 0.0036458333333333334 0.008333333333333333
1 0.6036458333333333 0.7351851851851852 0.004166666666666667 0.011111111111111112
1 0.60078125 0.7842592592592593 0.0067708333333333336 0.011111111111111112
1 0.5606770833333333 0.5273148148148148 0.0067708333333333336 0.010185185185185186
1 0.6052083333333333 0.513888888888889 0.00625 0.011111111111111112
1 0.6559895833333333 0.4842592592592593 0.0067708333333333336 0.012962962962962964
1 0.6658854166666667 0.46481481481481485 0.0067708333333333336 0.009259259259259259
1 0.6864583333333333 0.47314814814814815 0.007291666666666667 0.011111111111111112
1 0.6841145833333333 0.5226851851851853 0.0078125 0.012037037037037037
1 0.7213541666666666 0.35324074074074074 0.005208333333333333 0.012037037037037037
0 0.559375 0.3740740740740741 0.5177083333333333 0.7462962962962963
2 0.5541666666666667 0.40370370370370373 0.003125 0.007407407407407408
3 0.5557291666666666 0.40231481481481485 0.103125 0.17500000000000002
