1 0.4669270833333333 0.0837962962962963 0.005729166666666666 0.01388888888888889
1 0.46197916666666666 0.33935185185185185 0.007291666666666667 0.012037037037037037
1 0.396875 0.6842592592592592 0.005208333333333333 0.009259259259259259
1 0.41041666666666665 0.6949074074074074 0.008333333333333333 0.012037037037037037
1 0.4044270833333333 0.7976851851851852 0.0067708333333333336 0.01388888888888889
1 0.528125 0.7555555555555555 0.007291666666666667 0.014814814814814815
1 0.6395833333333333 0.38101851851851853 0.00625 0.01388888888888889
1 0.6385416666666667 0.45972222222222225 0.007291666666666667 0.015740740740740743
1 0.6299479166666666 0.6 0.0078125 0.016666666666666666
1 0.6596354166666667 0.4638888888888889 0.005729166666666666 0.012962962962962964
1 0.6627604166666666 0.5555555555555556 0.0067708333333333336 0.014814814814814815
1 0.67421875 0.5949074074074074 0.0078125 0.012037037037037037
1 0.6934895833333333 0.5814814814814815 0.0078125 0.016666666666666666
1 0.7130208333333333 0.5365740740740741 0.008333333333333333 0.01388888888888889
1 0.6981770833333333 0.475462962962963 0.0078125 0.01388888888888889
1 0.7080729166666666 0.45 0.0067708333333333336 0.011111111111111112
1 0.6802083333333333 0.3425925925925926 0.00625 0.016666666666666666
1 0.6859375 0.3856481481481482 0.00625 0.01388888888888889
1 0.7315104166666666 0.3314814814814815 0.0078125 0.012962962962962964
1 0.79296875 0.5032407407407408 0.0078125 0.012037037037037037
2 0.5731770833333333 0.437962962962963 0.0026041666666666665 0.005555555555555556
0 0.5817708333333333 0.41435185185185186 0.5645833333333333 0.8194444444444445
3 0.575 0.4291666666666667 0.11562499999999999 0.1824074074074074
