1 0.62109375 0.19953703703703704 0.0078125 0.019444444444444445
1 0.56796875 0.5893518518518519 0.009895833333333333 0.015740740740740743
1 0.625 0.6041666666666667 0.007291666666666667 0.01388888888888889
1 0.4356770833333333 0.7527777777777778 0.009895833333333333 0.014814814814814815
1 0.4940104166666667 0.9013888888888889 0.008854166666666666 0.015740740740740743
1 0.6151041666666667 0.7356481481481482 0.008333333333333333 0.015740740740740743
1 0.7682291666666666 0.6625 0.00625 0.015740740740740743
0 0.6286458333333333 0.5486111111111112 0.4927083333333333 0.8101851851851852
2 0.6203125 0.6361111111111112 0.0010416666666666667 0.001851851851851852
3 0.61953125 0.6305555555555555 0.09635416666666667 0.15925925925925927
