1 0.46067708333333335 0.11064814814814815 0.0078125 0.017592592592592594
1 0.4552083333333333 0.35694444444444445 0.00625 0.01388888888888889
1 0.38958333333333334 0.7000000000000001 0.00625 0.014814814814814815
1 0.4041666666666667 0.7115740740740741 0.008333333333333333 0.015740740740740743
1 0.3971354166666667 0.8120370370370371 0.0078125 0.014814814814814815
1 0.5205729166666666 0.7643518518518518 0.008854166666666666 0.019444444444444445
1 0.63125 0.39583333333333337 0.007291666666666667 0.019444444444444445
1 0.6294270833333333 0.47314814814814815 0.0067708333333333336 0.020370370370370372
1 0.6216145833333333 0.6129629629629629 0.0078125 0.016666666666666666
1 0.653125 0.5648148148148149 0.007291666666666667 0.014814814814814815
1 0.6518229166666667 0.47731481481481486 0.009895833333333333 0.017592592592592594
1 0.665625 0.6074074074074074 0.007291666666666667 0.014814814814814815
1 0.6838541666666667 0.5925925925925926 0.009375 0.012962962962962964
1 0.70390625 0.549537037037037 0.009895833333333333 0.017592592592592594
1 0.6895833333333333 0.4902777777777778 0.00625 0.015740740740740743
1 0.6989583333333333 0.4638888888888889 0.00625 0.011111111111111112
1 0.6768229166666666 0.39814814814814814 0.0078125 0.014814814814814815
1 0.6708333333333333 0.3564814814814815 0.010416666666666666 0.016666666666666666
1 0.7223958333333333 0.3472222222222222 0.007291666666666667 0.016666666666666666
1 0.7828125 0.512962962962963 0.008333333333333333 0.012962962962962964
0 0.5716145833333334 0.42685185185185187 0.5651041666666666 0.8407407407407408
2 0.5651041666666666 0.45092592592592595 0.0010416666666666667 0.001851851851851852
3 0.5661458333333333 0.4412037037037037 0.11666666666666667 0.1787037037037037
