1 0.45416666666666666 0.39351851851851855 0.007291666666666667 0.011111111111111112
1 0.5588541666666667 0.3944444444444445 0.005208333333333333 0.009259259259259259
1 0.6283854166666667 0.4342592592592593 0.0067708333333333336 0.012962962962962964
1 0.46119791666666665 0.4587962962962963 0.005729166666666666 0.01388888888888889
1 0.46953125 0.4671296296296297 0.0067708333333333336 0.012037037037037037
1 0.4822916666666667 0.47500000000000003 0.007291666666666667 0.011111111111111112
1 0.4666666666666667 0.6412037037037037 0.007291666666666667 0.012037037037037037
1 0.46249999999999997 0.6717592592592593 0.008333333333333333 0.01388888888888889
1 0.5703125 0.7236111111111111 0.00625 0.01388888888888889
0 0.5692708333333333 0.3712962962962963 0.5 0.7333333333333334
2 0.5723958333333333 0.38842592592592595 0.003125 0.000925925925925926
3 0.5729166666666666 0.38981481481481484 0.103125 0.17962962962962964
