1 0.4536458333333333 0.3791666666666667 0.00625 0.010185185185185186
1 0.5578125 0.3837962962962963 0.00625 0.012037037037037037
1 0.6270833333333333 0.42453703703703705 0.005208333333333333 0.010185185185185186
1 0.46171875 0.4467592592592593 0.005729166666666666 0.012037037037037037
1 0.47031249999999997 0.4537037037037037 0.00625 0.011111111111111112
1 0.4828125 0.46111111111111114 0.007291666666666667 0.011111111111111112
1 0.4666666666666667 0.6314814814814815 0.00625 0.011111111111111112
1 0.46197916666666666 0.6611111111111111 0.00625 0.011111111111111112
1 0.56953125 0.7175925925925927 0.0067708333333333336 0.011111111111111112
0 0.5703125 0.3740740740740741 0.5020833333333333 0.7314814814814815
2 0.5713541666666666 0.3824074074074074 0.003125 0.003703703703703704
3 0.5744791666666667 0.37962962962962965 0.10520833333333333 0.17592592592592593
