1 0.4622395833333333 0.09953703703703703 0.008854166666666666 0.015740740740740743
1 0.45703125 0.3523148148148148 0.0067708333333333336 0.01388888888888889
1 0.3927083333333333 0.6939814814814815 0.00625 0.01388888888888889
1 0.40598958333333335 0.7037037037037037 0.0067708333333333336 0.011111111111111112
1 0.4002604166666667 0.8060185185185186 0.0046875 0.01388888888888889
1 0.52421875 0.7625000000000001 0.0078125 0.01388888888888889
1 0.63359375 0.38796296296296295 0.008854166666666666 0.016666666666666666
1 0.63359375 0.46851851851851856 0.005729166666666666 0.011111111111111112
1 0.6247395833333333 0.6078703703703704 0.0078125 0.012037037037037037
1 0.6546875 0.47175925925925927 0.007291666666666667 0.010185185185185186
1 0.6565104166666667 0.5625 0.0078125 0.01388888888888889
1 0.6682291666666667 0.6018518518518519 0.007291666666666667 0.014814814814814815
1 0.6885416666666666 0.5865740740740741 0.008333333333333333 0.012037037037037037
1 0.6739583333333333 0.3509259259259259 0.007291666666666667 0.012962962962962964
1 0.68046875 0.3944444444444445 0.0067708333333333336 0.016666666666666666
1 0.6924479166666666 0.4828703703703704 0.005729166666666666 0.01388888888888889
1 0.70234375 0.45740740740740743 0.005729166666666666 0.011111111111111112
1 0.72578125 0.34074074074074073 0.0078125 0.014814814814814815
1 0.7072916666666667 0.5425925925925926 0.00625 0.012962962962962964
1 0.7856770833333333 0.5087962962962963 0.005729166666666666 0.01388888888888889
0 0.5770833333333333 0.4240740740740741 0.5677083333333334 0.8425925925925927
2 0.56875 0.44722222222222224 0.004166666666666667 0.001851851851851852
3 0.5684895833333333 0.43842592592592594 0.1140625 0.17685185185185187
