1 0.4653645833333333 0.0837962962962963 0.0067708333333333336 0.015740740740740743
1 0.46015625 0.3402777777777778 0.0078125 0.010185185185185186
1 0.3950520833333333 0.6856481481481482 0.005729166666666666 0.010185185185185186
1 0.409375 0.6967592592592593 0.007291666666666667 0.012037037037037037
1 0.40234375 0.799537037037037 0.0078125 0.01388888888888889
1 0.5265625 0.7546296296296297 0.008333333333333333 0.014814814814814815
1 0.6377604166666666 0.38101851851851853 0.0078125 0.012037037037037037
1 0.6375 0.4587962962962963 0.00625 0.012037037037037037
1 0.6286458333333333 0.6018518518518519 0.00625 0.011111111111111112
1 0.6588541666666666 0.4625 0.007291666666666667 0.01388888888888889
1 0.6606770833333333 0.5555555555555556 0.0067708333333333336 0.014814814814814815
1 0.6729166666666666 0.5958333333333333 0.00625 0.01388888888888889
1 0.6786458333333333 0.3421296296296296 0.008333333333333333 0.01388888888888889
1 0.73046875 0.33240740740740743 0.0078125 0.011111111111111112
1 0.6841145833333333 0.3851851851851852 0.0067708333333333336 0.012962962962962964
1 0.7065104166666667 0.44953703703703707 0.0078125 0.010185185185185186
1 0.6971354166666667 0.47453703703703703 0.0078125 0.01388888888888889
1 0.7114583333333333 0.5365740740740741 0.007291666666666667 0.012037037037037037
1 0.6921875 0.5810185185185185 0.00625 0.015740740740740743
1 0.7901041666666666 0.5013888888888889 0.00625 0.012037037037037037
0 0.5807291666666666 0.4134259259259259 0.5708333333333333 0.8212962962962963
2 0.5713541666666666 0.437962962962963 0.0010416666666666667 0.001851851851851852
3 0.5729166666666666 0.4277777777777778 0.1125 0.1814814814814815
