1 0.4635416666666667 0.10648148148148148 0.009375 0.018518518518518517
1 0.45703125 0.35694444444444445 0.008854166666666666 0.015740740740740743
1 0.3921875 0.6972222222222223 0.009375 0.012962962962962964
1 0.4067708333333333 0.7101851851851853 0.00625 0.014814814814814815
1 0.4005208333333333 0.8101851851851852 0.010416666666666666 0.011111111111111112
1 0.5221354166666666 0.7657407407407407 0.009895833333333333 0.018518518518518517
1 0.6255208333333333 0.6162037037037037 0.005208333333333333 0.015740740740740743
1 0.6565104166666667 0.5685185185185185 0.0067708333333333336 0.016666666666666666
1 0.6333333333333333 0.3925925925925926 0.008333333333333333 0.014814814814814815
1 0.63359375 0.4708333333333333 0.005729166666666666 0.015740740740740743
1 0.6546875 0.4759259259259259 0.007291666666666667 0.016666666666666666
1 0.67421875 0.3527777777777778 0.008854166666666666 0.012962962962962964
1 0.725 0.34351851851851856 0.00625 0.014814814814814815
1 0.6799479166666667 0.39537037037037037 0.0078125 0.014814814814814815
1 0.7028645833333333 0.46064814814814814 0.0067708333333333336 0.012037037037037037
1 0.6924479166666666 0.4865740740740741 0.0067708333333333336 0.01388888888888889
1 0.7065104166666667 0.5472222222222223 0.0078125 0.016666666666666666
1 0.6888020833333334 0.5916666666666667 0.0078125 0.014814814814814815
1 0.6690104166666666 0.6083333333333334 0.0078125 0.012962962962962964
1 0.7848958333333333 0.513425925925926 0.007291666666666667 0.01388888888888889
0 0.5747395833333333 0.41944444444444445 0.5671875 0.8185185185185185
2 0.5682291666666667 0.44907407407407407 0.003125 0.005555555555555556
3 0.5671875 0.4467592592592593 0.1125 0.18981481481481483
