1 0.6088541666666667 0.2888888888888889 0.008333333333333333 0.009259259259259259
1 0.5395833333333333 0.27361111111111114 0.007291666666666667 0.010185185185185186
1 0.57578125 0.3180555555555556 0.005729166666666666 0.010185185185185186
1 0.61171875 0.3425925925925926 0.0067708333333333336 0.009259259259259259
1 0.6015625 0.3560185185185185 0.00625 0.010185185185185186
1 0.6057291666666667 0.36435185185185187 0.005208333333333333 0.010185185185185186
1 0.48125 0.4027777777777778 0.00625 0.009259259259259259
1 0.51328125 0.40092592592592596 0.0067708333333333336 0.011111111111111112
1 0.49166666666666664 0.44583333333333336 0.00625 0.010185185185185186
1 0.5515625 0.42824074074074076 0.007291666666666667 0.010185185185185186
1 0.546875 0.4439814814814815 0.005208333333333333 0.01388888888888889
1 0.6161458333333333 0.4476851851851852 0.005208333333333333 0.01388888888888889
1 0.63515625 0.47824074074074074 0.0067708333333333336 0.008333333333333333
1 0.6002604166666666 0.4532407407407408 0.005729166666666666 0.012037037037037037
1 0.5994791666666667 0.4708333333333333 0.00625 0.012037037037037037
1 0.5627604166666667 0.4777777777777778 0.0067708333333333336 0.011111111111111112
1 0.3932291666666667 0.5393518518518519 0.00625 0.010185185185185186
1 0.5234375 0.5652777777777778 0.00625 0.012037037037037037
1 0.5520833333333334 0.5578703703703703 0.007291666666666667 0.01388888888888889
1 0.5216145833333333 0.6537037037037037 0.005729166666666666 0.011111111111111112
1 0.61640625 0.5509259259259259 0.0078125 0.012962962962962964
1 0.6109375 0.5782407407407407 0.005208333333333333 0.010185185185185186
1 0.6466145833333333 0.7814814814814816 0.0067708333333333336 0.011111111111111112
0 0.546875 0.6268518518518519 0.4927083333333333 0.7462962962962963
2 0.5552083333333333 0.6842592592592592 0.0010416666666666667 0.001851851851851852
3 0.5575520833333333 0.6851851851851852 0.09947916666666666 0.14814814814814814
