1 0.5440104166666666 0.04537037037037037 0.0078125 0.014814814814814815
1 0.53046875 0.13333333333333333 0.0046875 0.012962962962962964
1 0.5375 0.14120370370370372 0.00625 0.015740740740740743
1 0.4783854166666667 0.2087962962962963 0.0067708333333333336 0.017592592592592594
1 0.5700520833333333 0.23796296296296296 0.0078125 0.011111111111111112
1 0.56875 0.25601851851851853 0.007291666666666667 0.01388888888888889
1 0.6153645833333333 0.325 0.0067708333333333336 0.012962962962962964
1 0.47578125 0.3013888888888889 0.005729166666666666 0.012037037037037037
1 0.4661458333333333 0.3703703703703704 0.00625 0.012962962962962964
1 0.3734375 0.412962962962963 0.009375 0.009259259259259259
1 0.3645833333333333 0.3689814814814815 0.008333333333333333 0.01388888888888889
1 0.46328125 0.4689814814814815 0.0067708333333333336 0.010185185185185186
1 0.4328125 0.5824074074074075 0.008333333333333333 0.011111111111111112
1 0.3307291666666667 0.8115740740740741 0.007291666666666667 0.012037037037037037
1 0.3921875 0.8240740740740741 0.008333333333333333 0.014814814814814815
1 0.5096354166666667 0.8939814814814815 0.0078125 0.01388888888888889
1 0.5526041666666667 0.9291666666666667 0.007291666666666667 0.012037037037037037
1 0.48802083333333335 0.7101851851851853 0.007291666666666667 0.012962962962962964
1 0.49713541666666666 0.6768518518518519 0.0067708333333333336 0.012962962962962964
1 0.5 0.6564814814814816 0.00625 0.009259259259259259
1 0.50625 0.41250000000000003 0.00625 0.01388888888888889
1 0.5208333333333334 0.3856481481481482 0.00625 0.01388888888888889
1 0.5544270833333333 0.3662037037037037 0.0067708333333333336 0.01388888888888889
1 0.5299479166666666 0.4115740740740741 0.0067708333333333336 0.012037037037037037
1 0.5427083333333333 0.40925925925925927 0.007291666666666667 0.011111111111111112
1 0.5567708333333333 0.4185185185185185 0.008333333333333333 0.012962962962962964
1 0.5723958333333333 0.42638888888888893 0.007291666666666667 0.012037037037037037
1 0.60546875 0.4046296296296297 0.0067708333333333336 0.012962962962962964
1 0.6002604166666666 0.4277777777777778 0.005729166666666666 0.011111111111111112
1 0.57265625 0.6050925925925926 0.005729166666666666 0.01388888888888889
1 0.5794270833333334 0.6087962962962963 0.0067708333333333336 0.017592592592592594
1 0.6299479166666666 0.5967592592592593 0.0067708333333333336 0.012037037037037037
1 0.6765625 0.5157407407407407 0.008333333333333333 0.014814814814814815
1 0.6833333333333333 0.5504629629629629 0.009375 0.019444444444444445
1 0.6526041666666667 0.7287037037037037 0.007291666666666667 0.014814814814814815
1 0.6747395833333333 0.850925925925926 0.009895833333333333 0.012962962962962964
1 0.7075520833333333 0.8046296296296297 0.009895833333333333 0.014814814814814815
1 0.6963541666666666 0.6782407407407408 0.007291666666666667 0.015740740740740743
1 0.7104166666666667 0.6550925925925927 0.009375 0.015740740740740743
1 0.36614583333333334 0.2726851851851852 0.008333333333333333 0.012037037037037037
1 0.38619791666666664 0.274537037037037 0.0078125 0.01388888888888889
1 0.7010416666666667 0.4324074074074074 0.008333333333333333 0.012962962962962964
0 0.5109375 0.5185185185185185 0.5458333333333333 0.962962962962963
2 0.5328125 0.5388888888888889 0.0020833333333333333 0.003703703703703704
3 0.5317708333333333 0.5393518518518519 0.11354166666666667 0.17314814814814816
