1 0.54453125 0.0462962962962963 0.009895833333333333 0.016666666666666666
1 0.53125 0.1328703703703704 0.005208333333333333 0.012037037037037037
1 0.5390625 0.14027777777777778 0.005208333333333333 0.01388888888888889
1 0.4778645833333333 0.20925925925925926 0.0078125 0.012962962962962964
1 0.5700520833333333 0.23425925925925928 0.0078125 0.014814814814814815
1 0.5690104166666666 0.25416666666666665 0.0067708333333333336 0.01388888888888889
1 0.6122395833333333 0.2925925925925926 0.0078125 0.014814814814814815
1 0.6171875 0.32407407407407407 0.009375 0.012962962962962964
1 0.47760416666666666 0.3023148148148148 0.008333333333333333 0.017592592592592594
1 0.46796875 0.36944444444444446 0.009895833333333333 0.014814814814814815
1 0.365625 0.3666666666666667 0.011458333333333333 0.018518518518518517
1 0.3734375 0.4101851851851852 0.008333333333333333 0.014814814814814815
1 0.46510416666666665 0.46435185185185185 0.010416666666666666 0.015740740740740743
1 0.5229166666666667 0.34814814814814815 0.007291666666666667 0.012962962962962964
1 0.5559895833333334 0.36435185185185187 0.0078125 0.012037037037037037
1 0.521875 0.38333333333333336 0.008333333333333333 0.012962962962962964
1 0.5083333333333333 0.4083333333333333 0.008333333333333333 0.014814814814814815
1 0.53125 0.40972222222222227 0.007291666666666667 0.01388888888888889
1 0.5434895833333333 0.40694444444444444 0.0078125 0.015740740740740743
1 0.5583333333333333 0.41620370370370374 0.007291666666666667 0.012037037037037037
1 0.57421875 0.42453703703703705 0.008854166666666666 0.015740740740740743
1 0.63671875 0.3856481481481482 0.009895833333333333 0.017592592592592594
1 0.6059895833333333 0.4050925925925926 0.0067708333333333336 0.01388888888888889
1 0.60234375 0.42685185185185187 0.0067708333333333336 0.012962962962962964
1 0.58515625 0.47361111111111115 0.0067708333333333336 0.015740740740740743
1 0.4354166666666667 0.5814814814814815 0.009375 0.016666666666666666
1 0.33151041666666664 0.8115740740740741 0.0067708333333333336 0.01388888888888889
1 0.3932291666666667 0.8250000000000001 0.008333333333333333 0.014814814814814815
1 0.46041666666666664 0.6583333333333333 0.008333333333333333 0.014814814814814815
1 0.5005208333333333 0.6555555555555556 0.009375 0.014814814814814815
1 0.4973958333333333 0.674537037037037 0.008333333333333333 0.017592592592592594
1 0.4890625 0.7087962962962964 0.007291666666666667 0.015740740740740743
1 0.57265625 0.6032407407407407 0.0067708333333333336 0.012037037037037037
1 0.59921875 0.5611111111111111 0.011979166666666666 0.011111111111111112
1 0.5786458333333333 0.6069444444444445 0.009375 0.017592592592592594
1 0.5864583333333333 0.6606481481481482 0.011458333333333333 0.015740740740740743
1 0.63203125 0.5972222222222222 0.009895833333333333 0.014814814814814815
1 0.5109375 0.8939814814814815 0.007291666666666667 0.015740740740740743
1 0.5544270833333333 0.9305555555555556 0.008854166666666666 0.018518518518518517
1 0.71015625 0.5162037037037037 0.009895833333333333 0.019444444444444445
1 0.6776041666666667 0.5157407407407407 0.010416666666666666 0.016666666666666666
1 0.6846354166666666 0.549074074074074 0.008854166666666666 0.016666666666666666
1 0.7119791666666666 0.6532407407407408 0.009375 0.019444444444444445
1 0.6955729166666667 0.6787037037037037 0.0109375 0.014814814814814815
1 0.6536458333333334 0.7282407407407407 0.007291666666666667 0.01388888888888889
1 0.7083333333333334 0.8041666666666667 0.008333333333333333 0.017592592592592594
1 0.6755208333333333 0.850462962962963 0.010416666666666666 0.019444444444444445
1 0.7005208333333334 0.4314814814814815 0.008333333333333333 0.011111111111111112
1 0.7078125 0.42962962962962964 0.008333333333333333 0.014814814814814815
1 0.3677083333333333 0.27037037037037037 0.008333333333333333 0.011111111111111112
1 0.38619791666666664 0.27037037037037037 0.0078125 0.011111111111111112
0 0.5140625 0.5157407407407407 0.54375 0.9685185185185186
2 0.5328125 0.5361111111111111 0.0 0.005555555555555556
3 0.5338541666666666 0.5402777777777777 0.1125 0.1824074074074074
