1 0.54375 0.044444444444444446 0.010416666666666666 0.014814814814814815
1 0.53046875 0.12962962962962962 0.005729166666666666 0.011111111111111112
1 0.5377604166666666 0.13796296296296298 0.0067708333333333336 0.014814814814814815
1 0.47734375 0.20370370370370372 0.0067708333333333336 0.012962962962962964
1 0.36484375 0.362962962962963 0.009895833333333333 0.012962962962962964
1 0.3729166666666667 0.40694444444444444 0.00625 0.012037037037037037
1 0.5690104166666666 0.2513888888888889 0.0067708333333333336 0.012037037037037037
1 0.61640625 0.32083333333333336 0.011979166666666666 0.010185185185185186
1 0.4674479166666667 0.3652777777777778 0.0078125 0.01388888888888889
1 0.46432291666666664 0.46296296296296297 0.0078125 0.014814814814814815
1 0.43463541666666666 0.5800925925925926 0.0078125 0.01388888888888889
1 0.33125 0.8111111111111111 0.007291666666666667 0.012962962962962964
1 0.3924479166666667 0.8222222222222223 0.0078125 0.011111111111111112
1 0.5541666666666667 0.9268518518518519 0.009375 0.012962962962962964
1 0.48854166666666665 0.7069444444444445 0.008333333333333333 0.015740740740740743
1 0.4979166666666667 0.6726851851851852 0.008333333333333333 0.012037037037037037
1 0.49973958333333335 0.6532407407407408 0.0078125 0.012037037037037037
1 0.5075520833333333 0.40694444444444444 0.0067708333333333336 0.015740740740740743
1 0.5216145833333333 0.3814814814814815 0.0067708333333333336 0.014814814814814815
1 0.55546875 0.36064814814814816 0.011979166666666666 0.01388888888888889
1 0.53125 0.4064814814814815 0.007291666666666667 0.014814814814814815
1 0.5434895833333333 0.40370370370370373 0.0067708333333333336 0.012962962962962964
1 0.60703125 0.4027777777777778 0.0078125 0.014814814814814815
1 0.6018229166666667 0.4226851851851852 0.005729166666666666 0.012037037037037037
1 0.5731770833333333 0.6023148148148149 0.0078125 0.015740740740740743
1 0.6317708333333333 0.5944444444444444 0.009375 0.012962962962962964
1 0.6765625 0.513425925925926 0.011458333333333333 0.012037037037037037
1 0.6838541666666667 0.5476851851851852 0.009375 0.017592592592592594
1 0.6536458333333334 0.7277777777777779 0.007291666666666667 0.012962962962962964
1 0.709375 0.8027777777777778 0.011458333333333333 0.012962962962962964
1 0.6966145833333334 0.675462962962963 0.0109375 0.01388888888888889
1 0.7104166666666667 0.6513888888888889 0.008333333333333333 0.015740740740740743
1 0.36796875 0.26805555555555555 0.0067708333333333336 0.010185185185185186
1 0.3875 0.26851851851851855 0.009375 0.014814814814814815
0 0.5075520833333333 0.512962962962963 0.5390625 0.9740740740740741
2 0.5333333333333333 0.5351851851851852 0.003125 0.007407407407407408
3 0.5325520833333334 0.5393518518518519 0.1140625 0.17685185185185187
