1 0.5283854166666666 0.1337962962962963 0.005729166666666666 0.01388888888888889
1 0.5356770833333333 0.1388888888888889 0.0078125 0.014814814814814815
1 0.47578125 0.20740740740740743 0.0067708333333333336 0.012962962962962964
1 0.5671875 0.2537037037037037 0.007291666666666667 0.012962962962962964
1 0.6135416666666667 0.325 0.008333333333333333 0.014814814814814815
1 0.3638020833333333 0.3615740740740741 0.005729166666666666 0.01388888888888889
1 0.371875 0.4064814814814815 0.00625 0.009259259259259259
1 0.4666666666666667 0.36574074074074076 0.008333333333333333 0.012962962962962964
1 0.4635416666666667 0.4625 0.005208333333333333 0.01388888888888889
1 0.4328125 0.5782407407407407 0.00625 0.012037037037037037
1 0.3286458333333333 0.8087962962962963 0.008333333333333333 0.012037037037037037
1 0.4869791666666667 0.7064814814814815 0.00625 0.012962962962962964
1 0.4966145833333333 0.675 0.0078125 0.012962962962962964
1 0.49921875 0.6532407407407408 0.0078125 0.01388888888888889
1 0.5057291666666667 0.40694444444444444 0.00625 0.01388888888888889
1 0.5203125 0.38333333333333336 0.005208333333333333 0.014814814814814815
1 0.5533854166666666 0.36342592592592593 0.0067708333333333336 0.015740740740740743
1 0.528125 0.40740740740740744 0.00625 0.012962962962962964
1 0.5416666666666666 0.40740740740740744 0.007291666666666667 0.012962962962962964
1 0.6046875 0.4050925925925926 0.007291666666666667 0.012037037037037037
1 0.5986979166666666 0.42453703703703705 0.0078125 0.010185185185185186
1 0.5708333333333333 0.6041666666666667 0.007291666666666667 0.01388888888888889
1 0.628125 0.5967592592592593 0.009375 0.012037037037037037
1 0.68125 0.5513888888888889 0.009375 0.017592592592592594
1 0.6934895833333333 0.6782407407407408 0.008854166666666666 0.015740740740740743
1 0.6518229166666667 0.7287037037037037 0.0078125 0.014814814814814815
1 0.7059895833333333 0.8041666666666667 0.013020833333333334 0.015740740740740743
1 0.36614583333333334 0.26805555555555555 0.010416666666666666 0.015740740740740743
1 0.3848958333333333 0.26712962962962966 0.008333333333333333 0.01388888888888889
1 0.6971354166666667 0.4314814814814815 0.0078125 0.011111111111111112
0 0.5098958333333333 0.5157407407407407 0.5458333333333333 0.9685185185185186
2 0.5317708333333333 0.5324074074074074 0.0 0.001851851851851852
3 0.53203125 0.5375 0.1109375 0.17685185185185187
