1 0.5669270833333333 0.25601851851851853 0.0067708333333333336 0.010185185185185186
1 0.6138020833333333 0.3282407407407408 0.008854166666666666 0.01388888888888889
1 0.603125 0.40740740740740744 0.008333333333333333 0.014814814814814815
1 0.46432291666666664 0.3680555555555556 0.0078125 0.010185185185185186
1 0.36302083333333335 0.3648148148148148 0.009375 0.011111111111111112
1 0.3716145833333333 0.4083333333333333 0.0067708333333333336 0.011111111111111112
1 0.32838541666666665 0.8097222222222222 0.0067708333333333336 0.010185185185185186
1 0.4309895833333333 0.5800925925925926 0.0067708333333333336 0.01388888888888889
1 0.4630208333333333 0.46574074074074073 0.007291666666666667 0.014814814814814815
1 0.50546875 0.4087962962962963 0.008854166666666666 0.012037037037037037
1 0.5286458333333334 0.4101851851851852 0.00625 0.012962962962962964
1 0.54140625 0.40925925925925927 0.005729166666666666 0.016666666666666666
1 0.62734375 0.5967592592592593 0.0078125 0.015740740740740743
1 0.6927083333333334 0.6791666666666667 0.009375 0.01388888888888889
1 0.7049479166666667 0.8046296296296297 0.009895833333333333 0.016666666666666666
1 0.4973958333333333 0.6541666666666667 0.007291666666666667 0.012037037037037037
1 0.49609375 0.6731481481481482 0.0067708333333333336 0.012962962962962964
1 0.48776041666666664 0.7083333333333334 0.0078125 0.012962962962962964
1 0.6971354166666667 0.4328703703703704 0.005729166666666666 0.010185185185185186
1 0.365625 0.27222222222222225 0.008333333333333333 0.014814814814814815
0 0.5098958333333333 0.5157407407407407 0.5458333333333333 0.9685185185185186
2 0.5286458333333334 0.5361111111111111 0.004166666666666667 0.001851851851851852
3 0.5291666666666667 0.5393518518518519 0.11458333333333333 0.18055555555555555
