1 0.5453125 0.043055555555555555 0.009375 0.01388888888888889
1 0.53046875 0.12962962962962962 0.0078125 0.012962962962962964
1 0.5380208333333333 0.13657407407407407 0.00625 0.015740740740740743
1 0.47812499999999997 0.20462962962962963 0.008333333333333333 0.014814814814814815
1 0.5684895833333333 0.25092592592592594 0.005729166666666666 0.014814814814814815
1 0.6153645833333333 0.32083333333333336 0.011979166666666666 0.01388888888888889
1 0.36614583333333334 0.3615740740740741 0.009375 0.01388888888888889
1 0.3731770833333333 0.4041666666666667 0.005729166666666666 0.010185185185185186
1 0.3307291666666667 0.8087962962962963 0.008333333333333333 0.01388888888888889
1 0.43359375 0.575925925925926 0.0067708333333333336 0.012962962962962964
1 0.4661458333333333 0.362962962962963 0.007291666666666667 0.016666666666666666
1 0.4640625 0.4615740740740741 0.007291666666666667 0.012037037037037037
1 0.5546875 0.3615740740740741 0.007291666666666667 0.01388888888888889
1 0.6052083333333333 0.40324074074074073 0.008333333333333333 0.012037037037037037
1 0.6018229166666667 0.42592592592592593 0.0078125 0.016666666666666666
1 0.52109375 0.3805555555555556 0.008854166666666666 0.014814814814814815
1 0.5075520833333333 0.4064814814814815 0.0067708333333333336 0.014814814814814815
1 0.5307291666666667 0.4064814814814815 0.008333333333333333 0.014814814814814815
1 0.5427083333333333 0.4041666666666667 0.007291666666666667 0.01388888888888889
1 0.6828125 0.5458333333333334 0.009375 0.015740740740740743
1 0.63046875 0.5958333333333333 0.009895833333333333 0.019444444444444445
1 0.5729166666666666 0.6013888888888889 0.007291666666666667 0.015740740740740743
1 0.50078125 0.6527777777777778 0.0067708333333333336 0.009259259259259259
1 0.4981770833333333 0.6722222222222223 0.0078125 0.014814814814814815
1 0.48854166666666665 0.7060185185185186 0.009375 0.015740740740740743
1 0.6953125 0.675 0.010416666666666666 0.014814814814814815
1 0.6533854166666666 0.7287037037037037 0.0067708333333333336 0.012962962962962964
1 0.70859375 0.8027777777777778 0.008854166666666666 0.016666666666666666
1 0.36666666666666664 0.2657407407407408 0.00625 0.011111111111111112
1 0.3859375 0.2657407407407408 0.007291666666666667 0.012962962962962964
1 0.7002604166666666 0.4291666666666667 0.0078125 0.01388888888888889
0 0.50859375 0.5148148148148148 0.5369791666666667 0.9703703703703704
2 0.5328125 0.5342592592592593 0.004166666666666667 0.001851851851851852
3 0.534375 0.5356481481481482 0.11145833333333333 0.17500000000000002
