1 0.5440104166666666 0.0462962962962963 0.0109375 0.012962962962962964
1 0.5307291666666667 0.13333333333333333 0.005208333333333333 0.012962962962962964
1 0.5385416666666667 0.14027777777777778 0.005208333333333333 0.015740740740740743
1 0.4786458333333333 0.2111111111111111 0.008333333333333333 0.018518518518518517
1 0.5700520833333333 0.23472222222222222 0.005729166666666666 0.012037037037037037
1 0.56953125 0.2550925925925926 0.0067708333333333336 0.015740740740740743
1 0.6111979166666667 0.2935185185185185 0.0078125 0.012962962962962964
1 0.6143229166666666 0.32546296296296295 0.009895833333333333 0.012037037037037037
1 0.4765625 0.3037037037037037 0.008333333333333333 0.014814814814814815
1 0.46796875 0.3717592592592593 0.0067708333333333336 0.015740740740740743
1 0.3651041666666667 0.3675925925925926 0.010416666666666666 0.014814814814814815
1 0.3736979166666667 0.41203703703703703 0.0067708333333333336 0.012962962962962964
1 0.46432291666666664 0.46851851851851856 0.0078125 0.012962962962962964
1 0.4341145833333333 0.5828703703703704 0.0067708333333333336 0.012037037037037037
1 0.5213541666666667 0.3513888888888889 0.007291666666666667 0.01388888888888889
1 0.5559895833333334 0.3666666666666667 0.008854166666666666 0.011111111111111112
1 0.5223958333333333 0.38703703703703707 0.005208333333333333 0.012962962962962964
1 0.50859375 0.4134259259259259 0.0067708333333333336 0.01388888888888889
1 0.5315104166666667 0.412962962962963 0.0067708333333333336 0.012962962962962964
1 0.54453125 0.4115740740740741 0.0067708333333333336 0.012037037037037037
1 0.5572916666666666 0.4185185185185185 0.010416666666666666 0.012962962962962964
1 0.5736979166666667 0.42638888888888893 0.0067708333333333336 0.01388888888888889
1 0.63671875 0.38703703703703707 0.0078125 0.016666666666666666
1 0.6059895833333333 0.4046296296296297 0.005729166666666666 0.012962962962962964
1 0.6010416666666667 0.4277777777777778 0.00625 0.011111111111111112
1 0.584375 0.4763888888888889 0.008333333333333333 0.01388888888888889
1 0.709375 0.5171296296296296 0.007291666666666667 0.01388888888888889
1 0.6786458333333333 0.5166666666666667 0.008333333333333333 0.014814814814814815
1 0.6838541666666667 0.5481481481481482 0.008333333333333333 0.016666666666666666
1 0.5986979166666666 0.563425925925926 0.0078125 0.01388888888888889
1 0.63125 0.5981481481481482 0.008333333333333333 0.014814814814814815
1 0.7114583333333333 0.6537037037037037 0.007291666666666667 0.016666666666666666
1 0.69609375 0.6805555555555556 0.011979166666666666 0.014814814814814815
1 0.6528645833333333 0.7296296296296296 0.008854166666666666 0.016666666666666666
1 0.70859375 0.8064814814814815 0.011979166666666666 0.014814814814814815
1 0.6760416666666667 0.850925925925926 0.009375 0.012962962962962964
1 0.5723958333333333 0.6055555555555556 0.00625 0.012962962962962964
1 0.578125 0.6111111111111112 0.00625 0.016666666666666666
1 0.58515625 0.6597222222222222 0.0067708333333333336 0.015740740740740743
1 0.5544270833333333 0.9305555555555556 0.008854166666666666 0.016666666666666666
1 0.5098958333333333 0.8944444444444445 0.007291666666666667 0.018518518518518517
1 0.5002604166666667 0.6569444444444444 0.005729166666666666 0.010185185185185186
1 0.4981770833333333 0.6763888888888889 0.008854166666666666 0.015740740740740743
1 0.4888020833333333 0.7087962962962964 0.008854166666666666 0.015740740740740743
1 0.4591145833333333 0.6592592592592593 0.0078125 0.014814814814814815
1 0.3927083333333333 0.8250000000000001 0.007291666666666667 0.011111111111111112
1 0.33125 0.8106481481481482 0.00625 0.01388888888888889
1 0.36692708333333335 0.27314814814814814 0.0067708333333333336 0.011111111111111112
1 0.3875 0.27361111111111114 0.009375 0.012037037037037037
1 0.7010416666666667 0.43472222222222223 0.007291666666666667 0.015740740740740743
1 0.70703125 0.4287037037037037 0.008854166666666666 0.011111111111111112
0 0.5125 0.5166666666666667 0.5489583333333333 0.9666666666666667
2 0.5317708333333333 0.5388888888888889 0.0020833333333333333 0.003703703703703704
3 0.5338541666666666 0.5412037037037037 0.11458333333333333 0.18055555555555555
