1 0.565625 0.25787037037037036 0.008333333333333333 0.015740740740740743
1 0.6119791666666666 0.3277777777777778 0.008333333333333333 0.012962962962962964
1 0.6033854166666667 0.4078703703703704 0.0078125 0.012037037037037037
1 0.46458333333333335 0.3699074074074074 0.007291666666666667 0.012037037037037037
1 0.3729166666666667 0.40740740740740744 0.009375 0.009259259259259259
1 0.5416666666666666 0.4101851851851852 0.00625 0.014814814814814815
1 0.5286458333333334 0.4101851851851852 0.00625 0.011111111111111112
1 0.50546875 0.4101851851851852 0.0067708333333333336 0.014814814814814815
1 0.46197916666666666 0.4666666666666667 0.010416666666666666 0.012962962962962964
1 0.43203125 0.5805555555555556 0.008854166666666666 0.014814814814814815
1 0.4973958333333333 0.6541666666666667 0.007291666666666667 0.01388888888888889
1 0.4953125 0.674537037037037 0.007291666666666667 0.015740740740740743
1 0.48671875 0.7078703703703704 0.0078125 0.01388888888888889
1 0.6265625 0.5995370370370371 0.00625 0.012037037037037037
1 0.6916666666666667 0.6796296296296297 0.008333333333333333 0.012962962962962964
1 0.70546875 0.8046296296296297 0.0067708333333333336 0.012962962962962964
1 0.3645833333333333 0.27222222222222225 0.009375 0.014814814814814815
1 0.6963541666666666 0.43333333333333335 0.008333333333333333 0.014814814814814815
0 0.5091145833333334 0.5203703703703704 0.5473958333333333 0.9592592592592593
2 0.5307291666666667 0.5351851851851852 0.0020833333333333333 0.003703703703703704
3 0.5315104166666667 0.5430555555555556 0.11197916666666667 0.16944444444444445
