1 0.5401041666666666 0.2606481481481482 0.007291666666666667 0.012037037037037037
1 0.6096354166666667 0.2740740740740741 0.0067708333333333336 0.014814814814814815
1 0.6135416666666667 0.3277777777777778 0.00625 0.011111111111111112
1 0.6033854166666667 0.3425925925925926 0.0046875 0.009259259259259259
1 0.48020833333333335 0.39212962962962966 0.005208333333333333 0.008333333333333333
1 0.5473958333333333 0.42824074074074076 0.005208333333333333 0.012037037037037037
1 0.6015625 0.4361111111111111 0.00625 0.011111111111111112
1 0.6002604166666666 0.4532407407407408 0.005729166666666666 0.012037037037037037
1 0.6184895833333334 0.5333333333333333 0.0078125 0.009259259259259259
1 0.6125 0.5620370370370371 0.005208333333333333 0.009259259259259259
1 0.5247395833333334 0.5509259259259259 0.0067708333333333336 0.012962962962962964
1 0.6466145833333333 0.7736111111111111 0.0078125 0.012037037037037037
0 0.54921875 0.6226851851851852 0.4973958333333333 0.7546296296296297
2 0.5578125 0.6703703703703704 0.004166666666666667 0.007407407407407408
3 0.55703125 0.6699074074074074 0.0984375 0.15462962962962964
