1 0.6088541666666667 0.28611111111111115 0.007291666666666667 0.011111111111111112
1 0.5403645833333334 0.27222222222222225 0.005729166666666666 0.011111111111111112
1 0.5768229166666666 0.31574074074074077 0.0078125 0.012962962962962964
1 0.6125 0.33981481481481485 0.00625 0.011111111111111112
1 0.6026041666666666 0.35555555555555557 0.005208333333333333 0.012962962962962964
1 0.6065104166666666 0.36388888888888893 0.0067708333333333336 0.012962962962962964
1 0.48020833333333335 0.4041666666666667 0.00625 0.012037037037037037
1 0.51171875 0.40046296296296297 0.0078125 0.01388888888888889
1 0.49166666666666664 0.44583333333333336 0.007291666666666667 0.012037037037037037
1 0.3924479166666667 0.5412037037037037 0.0067708333333333336 0.012037037037037037
1 0.5510416666666667 0.425462962962963 0.007291666666666667 0.010185185185185186
1 0.5466145833333333 0.44537037037037036 0.0067708333333333336 0.014814814814814815
1 0.6174479166666667 0.44537037037037036 0.0067708333333333336 0.011111111111111112
1 0.6354166666666666 0.47500000000000003 0.008333333333333333 0.011111111111111112
1 0.60078125 0.45 0.0067708333333333336 0.012962962962962964
1 0.5994791666666667 0.46620370370370373 0.008333333333333333 0.010185185185185186
1 0.5635416666666666 0.4740740740740741 0.00625 0.011111111111111112
1 0.52421875 0.5652777777777778 0.009895833333333333 0.015740740740740743
1 0.5520833333333334 0.5592592592592592 0.007291666666666667 0.012962962962962964
1 0.5223958333333333 0.6523148148148148 0.008333333333333333 0.012037037037037037
1 0.61796875 0.5467592592592593 0.0078125 0.012037037037037037
1 0.6109375 0.5768518518518518 0.004166666666666667 0.012962962962962964
1 0.6458333333333334 0.7824074074074074 0.007291666666666667 0.012962962962962964
0 0.546875 0.625 0.4947916666666667 0.75
2 0.5557291666666666 0.6805555555555556 0.0020833333333333333 0.001851851851851852
3 0.5565104166666667 0.6833333333333333 0.09739583333333333 0.15185185185185185
