1 0.6091145833333333 0.2837962962962963 0.0067708333333333336 0.01388888888888889
1 0.5390625 0.26990740740740743 0.007291666666666667 0.012037037037037037
1 0.6122395833333333 0.33611111111111114 0.0078125 0.011111111111111112
1 0.47994791666666664 0.3995370370370371 0.0067708333333333336 0.012037037037037037
1 0.54765625 0.44027777777777777 0.0078125 0.008333333333333333
1 0.6020833333333333 0.44722222222222224 0.00625 0.012962962962962964
1 0.5997395833333333 0.4625 0.0067708333333333336 0.008333333333333333
1 0.6182291666666666 0.5425925925925926 0.005208333333333333 0.011111111111111112
1 0.61171875 0.5722222222222223 0.0046875 0.009259259259259259
1 0.646875 0.7782407407407408 0.007291666666666667 0.008333333333333333
0 0.5489583333333333 0.6226851851851852 0.49583333333333335 0.7546296296296297
2 0.5552083333333333 0.6796296296296297 0.0010416666666666667 0.003703703703703704
3 0.5567708333333333 0.6810185185185186 0.10104166666666667 0.14907407407407408
