1 0.60703125 0.5837962962962964 0.0078125 0.012037037037037037
1 0.42421875 0.5819444444444445 0.008854166666666666 0.010185185185185186
1 0.40208333333333335 0.6856481481481482 0.007291666666666667 0.012037037037037037
1 0.39479166666666665 0.6953703703703704 0.007291666666666667 0.009259259259259259
1 0.39739583333333334 0.788888888888889 0.009375 0.009259259259259259
1 0.44114583333333335 0.7666666666666667 0.007291666666666667 0.012962962962962964
1 0.4440104166666667 0.7976851851851852 0.0067708333333333336 0.006481481481481482
1 0.4973958333333333 0.8347222222222223 0.009375 0.010185185185185186
1 0.28984375 0.9231481481481482 0.0067708333333333336 0.011111111111111112
1 0.28020833333333334 0.8555555555555556 0.00625 0.014814814814814815
1 0.18619791666666666 0.7537037037037038 0.009895833333333333 0.014814814814814815
0 0.36666666666666664 0.5787037037037037 0.571875 0.8425925925925927
2 0.3546875 0.6537037037037037 0.0010416666666666667 0.001851851851851852
3 0.35442708333333334 0.6481481481481481 0.11197916666666667 0.1814814814814815
