1 0.4276041666666667 0.02175925925925926 0.009375 0.012037037037037037
1 0.38776041666666666 0.2263888888888889 0.005729166666666666 0.012037037037037037
1 0.5513020833333333 0.25601851851851853 0.0078125 0.012037037037037037
1 0.5947916666666666 0.43194444444444446 0.007291666666666667 0.012037037037037037
1 0.5059895833333333 0.5046296296296297 0.0067708333333333336 0.012962962962962964
1 0.66953125 0.5638888888888889 0.008854166666666666 0.014814814814814815
1 0.4653645833333333 0.6134259259259259 0.0078125 0.012037037037037037
1 0.4510416666666667 0.32407407407407407 0.005208333333333333 0.011111111111111112
1 0.46458333333333335 0.3689814814814815 0.00625 0.010185185185185186
1 0.4591145833333333 0.41620370370370374 0.0078125 0.012037037037037037
1 0.44557291666666665 0.43703703703703706 0.005729166666666666 0.012962962962962964
1 0.43984375 0.47453703703703703 0.0067708333333333336 0.01388888888888889
1 0.4317708333333333 0.525 0.007291666666666667 0.011111111111111112
1 0.4171875 0.5055555555555555 0.00625 0.012962962962962964
1 0.42265625 0.3550925925925926 0.0078125 0.012037037037037037
1 0.4200520833333333 0.3726851851851852 0.0067708333333333336 0.010185185185185186
1 0.43333333333333335 0.7435185185185186 0.009375 0.012962962962962964
1 0.3776041666666667 0.5958333333333333 0.008333333333333333 0.01388888888888889
1 0.37890625 0.5106481481481482 0.0078125 0.01388888888888889
1 0.37265625 0.46574074074074073 0.0078125 0.011111111111111112
1 0.3716145833333333 0.4444444444444445 0.009895833333333333 0.011111111111111112
1 0.375 0.375 0.008333333333333333 0.012962962962962964
1 0.37994791666666666 0.3564814814814815 0.0078125 0.011111111111111112
1 0.32734375 0.30648148148148147 0.0067708333333333336 0.011111111111111112
1 0.3234375 0.3101851851851852 0.00625 0.011111111111111112
1 0.3268229166666667 0.33611111111111114 0.005729166666666666 0.009259259259259259
1 0.315625 0.36435185185185187 0.007291666666666667 0.012037037037037037
1 0.30755208333333334 0.3851851851851852 0.0067708333333333336 0.012962962962962964
1 0.3346354166666667 0.4689814814814815 0.0067708333333333336 0.01388888888888889
1 0.29635416666666664 0.36064814814814816 0.008333333333333333 0.008333333333333333
1 0.2981770833333333 0.41712962962962963 0.0067708333333333336 0.01388888888888889
1 0.3015625 0.4416666666666667 0.00625 0.014814814814814815
1 0.30963541666666666 0.5037037037037038 0.0067708333333333336 0.012962962962962964
1 0.30234375 0.5157407407407407 0.0078125 0.012962962962962964
1 0.3325520833333333 0.5750000000000001 0.005729166666666666 0.012962962962962964
1 0.29010416666666666 0.5421296296296296 0.008333333333333333 0.01388888888888889
1 0.27630208333333334 0.5458333333333334 0.0078125 0.01388888888888889
1 0.28411458333333334 0.6027777777777777 0.005729166666666666 0.012962962962962964
1 0.30703125 0.725 0.008854166666666666 0.014814814814814815
1 0.3338541666666667 0.7518518518518519 0.008333333333333333 0.018518518518518517
1 0.2557291666666667 0.7310185185185185 0.008333333333333333 0.01388888888888889
1 0.2552083333333333 0.7134259259259259 0.008333333333333333 0.010185185185185186
1 0.25364583333333335 0.663425925925926 0.007291666666666667 0.010185185185185186
1 0.24895833333333334 0.688425925925926 0.009375 0.01388888888888889
1 0.2296875 0.7018518518518518 0.00625 0.011111111111111112
1 0.16640625 0.7449074074074075 0.011979166666666666 0.012037037037037037
1 0.16822916666666665 0.6467592592592593 0.007291666666666667 0.010185185185185186
1 0.165625 0.6171296296296297 0.00625 0.010185185185185186
1 0.2125 0.538425925925926 0.007291666666666667 0.01388888888888889
1 0.20781249999999998 0.4861111111111111 0.009375 0.014814814814814815
1 0.23802083333333332 0.45787037037037037 0.00625 0.012037037037037037
1 0.2557291666666667 0.4703703703703704 0.007291666666666667 0.011111111111111112
1 0.22994791666666667 0.3625 0.0067708333333333336 0.012037037037037037
1 0.24557291666666667 0.33101851851851855 0.0067708333333333336 0.012037037037037037
1 0.2700520833333333 0.31666666666666665 0.005729166666666666 0.011111111111111112
1 0.14713541666666666 0.4351851851851852 0.005729166666666666 0.009259259259259259
1 0.14322916666666666 0.5625 0.009375 0.01388888888888889
0 0.39817708333333335 0.39166666666666666 0.5796875 0.7814814814814816
2 0.38671875 0.38333333333333336 0.0036458333333333334 0.003703703703703704
3 0.38776041666666666 0.38796296296296295 0.10989583333333333 0.16296296296296298
