1 0.421875 0.028240740740740743 0.009375 0.01388888888888889
1 0.44609375 0.33425925925925926 0.005729166666666666 0.011111111111111112
1 0.66484375 0.5740740740740741 0.0067708333333333336 0.011111111111111112
1 0.26484375 0.32222222222222224 0.0078125 0.014814814814814815
1 0.23958333333333334 0.33425925925925926 0.008333333333333333 0.012962962962962964
1 0.225 0.3652777777777778 0.007291666666666667 0.012037037037037037
1 0.31015625 0.36944444444444446 0.0067708333333333336 0.014814814814814815
1 0.2903645833333333 0.36574074074074076 0.009895833333333333 0.014814814814814815
1 0.2916666666666667 0.4203703703703704 0.008333333333333333 0.014814814814814815
1 0.29635416666666664 0.44537037037037036 0.008333333333333333 0.016666666666666666
1 0.271875 0.5504629629629629 0.008333333333333333 0.012037037037037037
1 0.2856770833333333 0.5481481481481482 0.0078125 0.014814814814814815
1 0.32786458333333335 0.5787037037037037 0.008854166666666666 0.014814814814814815
1 0.37265625 0.6023148148148149 0.0078125 0.012037037037037037
0 0.39791666666666664 0.39583333333333337 0.5854166666666667 0.7824074074074074
2 0.38255208333333335 0.3939814814814815 0.0026041666666666665 0.004629629629629629
3 0.3848958333333333 0.39722222222222225 0.11145833333333333 0.17222222222222222
