1 0.428125 0.022222222222222223 0.008333333333333333 0.009259259259259259
1 0.3497395833333333 0.10833333333333334 0.008854166666666666 0.012962962962962964
1 0.3885416666666667 0.22870370370370371 0.007291666666666667 0.012962962962962964
1 0.5518229166666666 0.25601851851851853 0.0067708333333333336 0.010185185185185186
1 0.5955729166666667 0.43333333333333335 0.005729166666666666 0.014814814814814815
1 0.58828125 0.5740740740740741 0.005729166666666666 0.012962962962962964
1 0.6697916666666667 0.5638888888888889 0.007291666666666667 0.014814814814814815
1 0.53359375 0.425462962962963 0.0078125 0.01388888888888889
1 0.5091145833333334 0.40972222222222227 0.0078125 0.01388888888888889
1 0.4973958333333333 0.48194444444444445 0.00625 0.015740740740740743
1 0.5067708333333333 0.5037037037037038 0.007291666666666667 0.014814814814814815
1 0.4700520833333333 0.5824074074074075 0.0067708333333333336 0.011111111111111112
1 0.465625 0.6143518518518519 0.008333333333333333 0.01388888888888889
1 0.4513020833333333 0.3231481481481482 0.0078125 0.012962962962962964
1 0.46484375 0.3712962962962963 0.0067708333333333336 0.011111111111111112
1 0.46015625 0.41620370370370374 0.005729166666666666 0.01388888888888889
1 0.44635416666666666 0.43472222222222223 0.00625 0.012037037037037037
1 0.4401041666666667 0.4726851851851852 0.008333333333333333 0.015740740740740743
1 0.4171875 0.5055555555555555 0.00625 0.014814814814814815
1 0.4317708333333333 0.5236111111111111 0.007291666666666667 0.010185185185185186
1 0.42291666666666666 0.3541666666666667 0.007291666666666667 0.012037037037037037
1 0.42135416666666664 0.3736111111111111 0.008333333333333333 0.010185185185185186
1 0.37994791666666666 0.3550925925925926 0.0078125 0.012037037037037037
1 0.375 0.375 0.007291666666666667 0.012962962962962964
1 0.37265625 0.4444444444444445 0.0109375 0.012962962962962964
1 0.3731770833333333 0.4652777777777778 0.0078125 0.012037037037037037
1 0.3802083333333333 0.5120370370370371 0.00625 0.012962962962962964
1 0.378125 0.5949074074074074 0.007291666666666667 0.010185185185185186
1 0.37395833333333334 0.612037037037037 0.008333333333333333 0.014814814814814815
1 0.38619791666666664 0.7125 0.0078125 0.01388888888888889
1 0.4317708333333333 0.7134259259259259 0.009375 0.015740740740740743
1 0.43255208333333334 0.7407407407407408 0.008854166666666666 0.014814814814814815
1 0.33567708333333335 0.7495370370370371 0.008854166666666666 0.017592592592592594
1 0.32421875 0.7791666666666667 0.009895833333333333 0.010185185185185186
1 0.3078125 0.7245370370370371 0.010416666666666666 0.010185185185185186
1 0.3489583333333333 0.6356481481481482 0.005208333333333333 0.015740740740740743
1 0.3325520833333333 0.5736111111111112 0.008854166666666666 0.012037037037037037
1 0.3606770833333333 0.5259259259259259 0.0078125 0.011111111111111112
1 0.33619791666666665 0.4675925925925926 0.0078125 0.012962962962962964
1 0.32734375 0.33611111111111114 0.0078125 0.011111111111111112
1 0.3234375 0.31203703703703706 0.007291666666666667 0.009259259259259259
1 0.32578125 0.3078703703703704 0.009895833333333333 0.012037037037037037
1 0.26979166666666665 0.31666666666666665 0.00625 0.012962962962962964
1 0.31614583333333335 0.3652777777777778 0.00625 0.01388888888888889
1 0.29609375 0.3597222222222222 0.0078125 0.010185185185185186
1 0.30859375 0.3837962962962963 0.0067708333333333336 0.01388888888888889
1 0.2984375 0.41712962962962963 0.008333333333333333 0.012037037037037037
1 0.3013020833333333 0.4412037037037037 0.005729166666666666 0.012037037037037037
1 0.31015625 0.5037037037037038 0.0078125 0.011111111111111112
1 0.30234375 0.5166666666666667 0.0067708333333333336 0.011111111111111112
1 0.29140625 0.5439814814814815 0.0067708333333333336 0.012037037037037037
1 0.27708333333333335 0.5462962962962963 0.00625 0.011111111111111112
1 0.28515625 0.6032407407407407 0.0067708333333333336 0.01388888888888889
1 0.2739583333333333 0.6472222222222223 0.009375 0.014814814814814815
1 0.25416666666666665 0.6638888888888889 0.007291666666666667 0.009259259259259259
1 0.23515624999999998 0.650462962962963 0.005729166666666666 0.01388888888888889
1 0.22838541666666667 0.650462962962963 0.0067708333333333336 0.01388888888888889
1 0.22994791666666667 0.7018518518518518 0.0078125 0.014814814814814815
1 0.24895833333333334 0.6898148148148149 0.008333333333333333 0.012962962962962964
1 0.25494791666666666 0.7138888888888889 0.008854166666666666 0.014814814814814815
1 0.25625 0.7305555555555556 0.010416666666666666 0.012962962962962964
1 0.25026041666666665 0.7652777777777778 0.005729166666666666 0.01388888888888889
1 0.25807291666666665 0.763888888888889 0.0078125 0.014814814814814815
1 0.16744791666666667 0.7435185185185186 0.008854166666666666 0.012962962962962964
1 0.16875 0.6462962962962964 0.008333333333333333 0.011111111111111112
1 0.16640625 0.6166666666666667 0.0078125 0.012962962962962964
1 0.14375 0.5611111111111111 0.008333333333333333 0.012962962962962964
1 0.21302083333333333 0.5347222222222222 0.00625 0.01388888888888889
1 0.20833333333333334 0.4851851851851852 0.009375 0.012962962962962964
1 0.2565104166666667 0.4712962962962963 0.008854166666666666 0.012962962962962964
1 0.23906249999999998 0.45740740740740743 0.007291666666666667 0.012962962962962964
1 0.27239583333333334 0.4310185185185185 0.009375 0.01388888888888889
1 0.146875 0.4342592592592593 0.00625 0.011111111111111112
1 0.23072916666666665 0.3615740740740741 0.008333333333333333 0.01388888888888889
1 0.2453125 0.33055555555555555 0.008333333333333333 0.011111111111111112
1 0.22734374999999998 0.25833333333333336 0.0078125 0.014814814814814815
0 0.4002604166666667 0.3888888888888889 0.5786458333333333 0.7759259259259259
2 0.3872395833333333 0.38472222222222224 0.0026041666666666665 0.006481481481481482
3 0.3890625 0.3861111111111111 0.11041666666666666 0.16296296296296298
