1 0.2625 0.3143518518518519 0.00625 0.008333333333333333
1 0.28854166666666664 0.3592592592592593 0.008333333333333333 0.011111111111111112
1 0.2916666666666667 0.41574074074074074 0.008333333333333333 0.011111111111111112
1 0.2947916666666667 0.44074074074074077 0.007291666666666667 0.014814814814814815
1 0.22317708333333333 0.3597222222222222 0.0067708333333333336 0.012037037037037037
1 0.284375 0.5435185185185185 0.007291666666666667 0.011111111111111112
1 0.26953125 0.5467592592592593 0.0067708333333333336 0.008333333333333333
1 0.3263020833333333 0.5750000000000001 0.0078125 0.011111111111111112
0 0.3924479166666667 0.39583333333333337 0.5796875 0.7861111111111111
2 0.3807291666666667 0.38657407407407407 0.0010416666666666667 0.006481481481481482
3 0.38229166666666664 0.38981481481481484 0.1125 0.17037037037037037
