1 0.428125 0.019444444444444445 0.008333333333333333 0.009259259259259259
1 0.3489583333333333 0.10555555555555556 0.005208333333333333 0.014814814814814815
1 0.38776041666666666 0.22546296296296298 0.0067708333333333336 0.008333333333333333
1 0.5515625 0.2555555555555556 0.007291666666666667 0.011111111111111112
1 0.5955729166666667 0.4305555555555556 0.008854166666666666 0.012962962962962964
1 0.53359375 0.4226851851851852 0.0078125 0.01388888888888889
1 0.5083333333333333 0.40740740740740744 0.007291666666666667 0.014814814814814815
1 0.5059895833333333 0.500462962962963 0.0067708333333333336 0.015740740740740743
1 0.49635416666666665 0.47870370370370374 0.007291666666666667 0.012962962962962964
1 0.4661458333333333 0.3675925925925926 0.008333333333333333 0.011111111111111112
1 0.45208333333333334 0.32222222222222224 0.007291666666666667 0.011111111111111112
1 0.45989583333333334 0.41435185185185186 0.00625 0.010185185185185186
1 0.4471354166666667 0.4342592592592593 0.0078125 0.009259259259259259
1 0.43906249999999997 0.47175925925925927 0.008333333333333333 0.012037037037037037
1 0.41692708333333334 0.5032407407407408 0.0067708333333333336 0.012037037037037037
1 0.4309895833333333 0.5226851851851853 0.005729166666666666 0.012037037037037037
1 0.46875 0.5800925925925926 0.007291666666666667 0.010185185185185186
1 0.46588541666666666 0.6111111111111112 0.008854166666666666 0.012962962962962964
1 0.4317708333333333 0.712962962962963 0.007291666666666667 0.012962962962962964
1 0.43307291666666664 0.7407407407407408 0.008854166666666666 0.014814814814814815
1 0.38619791666666664 0.7106481481481481 0.0067708333333333336 0.008333333333333333
1 0.3341145833333333 0.750462962962963 0.0109375 0.017592592592592594
1 0.30833333333333335 0.7231481481481482 0.009375 0.011111111111111112
1 0.37395833333333334 0.612037037037037 0.009375 0.011111111111111112
1 0.37838541666666664 0.5925925925925926 0.0067708333333333336 0.009259259259259259
1 0.3802083333333333 0.5097222222222222 0.008333333333333333 0.010185185185185186
1 0.3481770833333333 0.6361111111111112 0.0067708333333333336 0.009259259259259259
1 0.36015625 0.5259259259259259 0.0078125 0.009259259259259259
1 0.33229166666666665 0.5717592592592593 0.00625 0.012037037037037037
1 0.3731770833333333 0.46481481481481485 0.0078125 0.012962962962962964
1 0.37213541666666666 0.44212962962962965 0.009895833333333333 0.010185185185185186
1 0.3794270833333333 0.35555555555555557 0.008854166666666666 0.012962962962962964
1 0.375 0.37453703703703706 0.007291666666666667 0.012037037037037037
1 0.42213541666666665 0.35370370370370374 0.008854166666666666 0.014814814814814815
1 0.4205729166666667 0.37222222222222223 0.0078125 0.011111111111111112
1 0.32786458333333335 0.3055555555555556 0.0078125 0.012962962962962964
1 0.32369791666666664 0.3111111111111111 0.0067708333333333336 0.016666666666666666
1 0.32760416666666664 0.3351851851851852 0.007291666666666667 0.012962962962962964
1 0.31588541666666664 0.36342592592592593 0.0067708333333333336 0.010185185185185186
1 0.3078125 0.3814814814814815 0.00625 0.012962962962962964
1 0.33489583333333334 0.46851851851851856 0.00625 0.011111111111111112
1 0.2989583333333333 0.41481481481481486 0.007291666666666667 0.012962962962962964
1 0.30182291666666666 0.4398148148148148 0.0067708333333333336 0.012962962962962964
1 0.29583333333333334 0.3578703703703704 0.008333333333333333 0.012037037037037037
1 0.3098958333333333 0.5018518518518519 0.007291666666666667 0.014814814814814815
1 0.3013020833333333 0.512962962962963 0.0078125 0.012962962962962964
1 0.2911458333333333 0.5421296296296296 0.00625 0.012037037037037037
1 0.2760416666666667 0.5453703703703704 0.008333333333333333 0.012962962962962964
1 0.2838541666666667 0.6023148148148149 0.007291666666666667 0.01388888888888889
1 0.27291666666666664 0.6439814814814815 0.007291666666666667 0.012037037037037037
1 0.26927083333333335 0.31527777777777777 0.007291666666666667 0.012037037037037037
1 0.2716145833333333 0.4300925925925926 0.0067708333333333336 0.012037037037037037
1 0.24557291666666667 0.32685185185185184 0.005729166666666666 0.009259259259259259
1 0.25625 0.4708333333333333 0.007291666666666667 0.01388888888888889
1 0.23020833333333332 0.35833333333333334 0.00625 0.011111111111111112
1 0.23802083333333332 0.4550925925925926 0.005208333333333333 0.012037037037037037
1 0.25286458333333334 0.662962962962963 0.0067708333333333336 0.011111111111111112
1 0.2484375 0.6865740740740741 0.00625 0.010185185185185186
1 0.2552083333333333 0.712037037037037 0.008333333333333333 0.011111111111111112
1 0.2557291666666667 0.7296296296296296 0.008333333333333333 0.012962962962962964
1 0.25 0.7652777777777778 0.00625 0.010185185185185186
1 0.25729166666666664 0.7648148148148148 0.005208333333333333 0.012962962962962964
1 0.22942708333333334 0.700925925925926 0.005729166666666666 0.012962962962962964
1 0.21171874999999998 0.5342592592592593 0.0078125 0.012962962962962964
1 0.20703125 0.48333333333333334 0.0067708333333333336 0.012962962962962964
1 0.14348958333333334 0.5606481481481481 0.0067708333333333336 0.01388888888888889
1 0.16588541666666667 0.6157407407407408 0.008854166666666666 0.011111111111111112
1 0.16901041666666666 0.6472222222222223 0.0078125 0.012962962962962964
1 0.16614583333333333 0.7439814814814815 0.009375 0.01388888888888889
1 0.6700520833333333 0.562962962962963 0.005729166666666666 0.014814814814814815
0 0.39947916666666666 0.39166666666666666 0.5822916666666667 0.7814814814814816
2 0.38671875 0.37962962962962965 0.0036458333333333334 0.007407407407407408
3 0.39010416666666664 0.3856481481481482 0.1125 0.1712962962962963
