1 0.4231770833333333 0.014351851851851852 0.0078125 0.012037037037037037
1 0.38619791666666664 0.22268518518518518 0.008854166666666666 0.015740740740740743
1 0.44895833333333335 0.31851851851851853 0.007291666666666667 0.011111111111111112
1 0.5932291666666667 0.4291666666666667 0.00625 0.015740740740740743
1 0.6661458333333333 0.5615740740740741 0.009375 0.017592592592592594
1 0.5033854166666667 0.5023148148148149 0.0078125 0.015740740740740743
1 0.45729166666666665 0.4152777777777778 0.00625 0.01388888888888889
1 0.44375 0.4356481481481482 0.008333333333333333 0.010185185185185186
1 0.43697916666666664 0.4708333333333333 0.00625 0.01388888888888889
1 0.4197916666666667 0.3509259259259259 0.008333333333333333 0.014814814814814815
1 0.41822916666666665 0.37083333333333335 0.008333333333333333 0.015740740740740743
1 0.3768229166666667 0.3509259259259259 0.0078125 0.012962962962962964
1 0.3692708333333333 0.44074074074074077 0.007291666666666667 0.012962962962962964
1 0.37395833333333334 0.5921296296296297 0.007291666666666667 0.01388888888888889
1 0.32916666666666666 0.5694444444444444 0.007291666666666667 0.012962962962962964
1 0.32369791666666664 0.30092592592592593 0.0078125 0.012962962962962964
1 0.32135416666666666 0.30648148148148147 0.008333333333333333 0.012962962962962964
1 0.3247395833333333 0.33055555555555555 0.0067708333333333336 0.011111111111111112
1 0.31328125 0.3601851851851852 0.008854166666666666 0.012962962962962964
1 0.29296875 0.3541666666666667 0.0078125 0.010185185185185186
1 0.30442708333333335 0.3787037037037037 0.005729166666666666 0.016666666666666666
1 0.29322916666666665 0.41111111111111115 0.007291666666666667 0.014814814814814815
1 0.2986979166666667 0.437962962962963 0.0067708333333333336 0.012962962962962964
1 0.29921875 0.5125000000000001 0.0067708333333333336 0.01388888888888889
1 0.2869791666666667 0.5388888888888889 0.008333333333333333 0.014814814814814815
1 0.2739583333333333 0.5407407407407407 0.007291666666666667 0.012962962962962964
1 0.28046875 0.5976851851851852 0.0067708333333333336 0.01388888888888889
1 0.30494791666666665 0.7226851851851852 0.009895833333333333 0.01388888888888889
1 0.33151041666666664 0.750925925925926 0.009895833333333333 0.018518518518518517
1 0.43046875 0.7407407407407408 0.009895833333333333 0.011111111111111112
1 0.25234375 0.712037037037037 0.0078125 0.012962962962962964
1 0.22682291666666665 0.6981481481481482 0.008854166666666666 0.011111111111111112
1 0.24635416666666665 0.6861111111111111 0.008333333333333333 0.011111111111111112
1 0.25104166666666666 0.6592592592592593 0.00625 0.009259259259259259
1 0.209375 0.5337962962962963 0.008333333333333333 0.01388888888888889
1 0.16536458333333334 0.6439814814814815 0.0078125 0.012037037037037037
1 0.140625 0.5587962962962963 0.008333333333333333 0.012037037037037037
1 0.14427083333333332 0.4324074074074074 0.00625 0.012962962962962964
1 0.20338541666666665 0.48240740740740745 0.0078125 0.014814814814814815
1 0.234375 0.4518518518518519 0.007291666666666667 0.011111111111111112
1 0.25234375 0.46574074074074073 0.0078125 0.012962962962962964
1 0.22708333333333333 0.3560185185185185 0.00625 0.012037037037037037
1 0.24192708333333332 0.32453703703703707 0.0067708333333333336 0.01388888888888889
1 0.26640625 0.3125 0.0067708333333333336 0.010185185185185186
0 0.3971354166666667 0.3888888888888889 0.5817708333333333 0.7722222222222223
2 0.38385416666666666 0.3805555555555556 0.0020833333333333333 0.001851851851851852
3 0.38385416666666666 0.38101851851851853 0.11354166666666667 0.17314814814814816
