1 0.26536458333333335 0.31574074074074077 0.0078125 0.012962962962962964
1 0.225 0.36064814814814816 0.008333333333333333 0.012037037037037037
1 0.2911458333333333 0.3601851851851852 0.007291666666666667 0.011111111111111112
1 0.2934895833333333 0.4152777777777778 0.0067708333333333336 0.012037037037037037
1 0.29765625 0.44027777777777777 0.0078125 0.012037037037037037
1 0.27317708333333335 0.5458333333333334 0.0067708333333333336 0.01388888888888889
1 0.2869791666666667 0.5421296296296296 0.008333333333333333 0.012037037037037037
1 0.32890625 0.5731481481481482 0.0067708333333333336 0.012962962962962964
0 0.396875 0.3944444444444445 0.578125 0.7796296296296297
2 0.384375 0.38333333333333336 0.0020833333333333333 0.001851851851851852
3 0.38385416666666666 0.38703703703703707 0.109375 0.1685185185185185
