1 0.7513020833333334 0.7736111111111111 0.005729166666666666 0.012037037037037037
1 0.5354166666666667 0.8671296296296297 0.00625 0.01388888888888889
1 0.5317708333333333 0.8101851851851852 0.007291666666666667 0.012962962962962964
1 0.5966145833333333 0.9111111111111111 0.0067708333333333336 0.014814814814814815
1 0.49765624999999997 0.9111111111111111 0.0078125 0.014814814814814815
1 0.48020833333333335 0.8805555555555555 0.00625 0.012962962962962964
1 0.49192708333333335 0.6523148148148148 0.005729166666666666 0.012037037037037037
1 0.46640624999999997 0.6314814814814815 0.005729166666666666 0.012962962962962964
1 0.31328125 0.6231481481481481 0.005729166666666666 0.012962962962962964
1 0.53671875 0.549537037037037 0.0140625 0.010185185185185186
0 0.5184895833333333 0.48333333333333334 0.6307291666666667 0.9074074074074074
2 0.5291666666666667 0.5287037037037037 0.0010416666666666667 0.005555555555555556
3 0.5317708333333333 0.5310185185185186 0.125 0.17685185185185187
