1 0.4244791666666667 0.011111111111111112 0.007291666666666667 0.011111111111111112
1 0.384375 0.2189814814814815 0.008333333333333333 0.010185185185185186
1 0.4479166666666667 0.31712962962962965 0.00625 0.01388888888888889
1 0.46197916666666666 0.36342592592592593 0.005208333333333333 0.008333333333333333
1 0.5932291666666667 0.42962962962962964 0.007291666666666667 0.012962962962962964
1 0.45703125 0.41064814814814815 0.0078125 0.012037037037037037
1 0.4434895833333333 0.4300925925925926 0.008854166666666666 0.012037037037037037
1 0.43671875 0.4675925925925926 0.0078125 0.012962962962962964
1 0.5028645833333333 0.4990740740740741 0.005729166666666666 0.011111111111111112
1 0.6666666666666666 0.5597222222222222 0.007291666666666667 0.015740740740740743
1 0.42916666666666664 0.5175925925925926 0.00625 0.011111111111111112
1 0.4627604166666667 0.6092592592592593 0.0078125 0.012962962962962964
1 0.42916666666666664 0.7375 0.008333333333333333 0.01388888888888889
1 0.37421875 0.5893518518518519 0.0067708333333333336 0.012037037037037037
1 0.3763020833333333 0.5050925925925926 0.0067708333333333336 0.01388888888888889
1 0.36953125 0.45972222222222225 0.0067708333333333336 0.008333333333333333
1 0.36875 0.437962962962963 0.005208333333333333 0.009259259259259259
1 0.41770833333333335 0.3662037037037037 0.007291666666666667 0.010185185185185186
1 0.4184895833333333 0.3472222222222222 0.0078125 0.009259259259259259
1 0.3763020833333333 0.3472222222222222 0.0067708333333333336 0.007407407407407408
1 0.32317708333333334 0.29814814814814816 0.005729166666666666 0.009259259259259259
1 0.31927083333333334 0.30185185185185187 0.00625 0.011111111111111112
1 0.32317708333333334 0.32731481481481484 0.0067708333333333336 0.010185185185185186
1 0.31171875 0.35694444444444445 0.0067708333333333336 0.012037037037037037
1 0.30442708333333335 0.37592592592592594 0.0067708333333333336 0.011111111111111112
1 0.2942708333333333 0.4078703703703704 0.00625 0.010185185185185186
1 0.2981770833333333 0.43333333333333335 0.0067708333333333336 0.009259259259259259
1 0.33098958333333334 0.4615740740740741 0.0067708333333333336 0.01388888888888889
1 0.3059895833333333 0.4962962962962963 0.005729166666666666 0.012962962962962964
1 0.2984375 0.5092592592592593 0.007291666666666667 0.012962962962962964
1 0.3294270833333333 0.5671296296296297 0.005729166666666666 0.010185185185185186
1 0.2869791666666667 0.5365740740740741 0.007291666666666667 0.010185185185185186
1 0.2791666666666667 0.5967592592592593 0.00625 0.012037037037037037
1 0.3046875 0.7194444444444444 0.008333333333333333 0.012962962962962964
1 0.33046875 0.7476851851851852 0.0078125 0.017592592592592594
1 0.2520833333333333 0.7111111111111111 0.008333333333333333 0.009259259259259259
1 0.22682291666666665 0.6967592592592593 0.005729166666666666 0.010185185185185186
1 0.24557291666666667 0.6861111111111111 0.0078125 0.011111111111111112
1 0.25026041666666665 0.6597222222222222 0.0078125 0.010185185185185186
1 0.165625 0.6421296296296296 0.005208333333333333 0.012037037037037037
1 0.14010416666666667 0.5574074074074075 0.00625 0.012962962962962964
1 0.14296875 0.4291666666666667 0.005729166666666666 0.012037037037037037
1 0.20833333333333334 0.5319444444444444 0.008333333333333333 0.012037037037037037
1 0.20416666666666666 0.47870370370370374 0.007291666666666667 0.011111111111111112
1 0.27265625 0.5393518518518519 0.0078125 0.012037037037037037
1 0.25286458333333334 0.4638888888888889 0.009895833333333333 0.011111111111111112
1 0.234375 0.44953703703703707 0.005208333333333333 0.012037037037037037
1 0.22604166666666667 0.35324074074074074 0.005208333333333333 0.010185185185185186
1 0.24140625 0.32175925925925924 0.0067708333333333336 0.010185185185185186
1 0.26588541666666665 0.3087962962962963 0.005729166666666666 0.010185185185185186
1 0.29192708333333334 0.35185185185185186 0.008854166666666666 0.009259259259259259
0 0.3966145833333333 0.38796296296296295 0.5765625 0.7740740740740741
2 0.38385416666666666 0.3773148148148148 0.004166666666666667 0.004629629629629629
3 0.3833333333333333 0.37962962962962965 0.11041666666666666 0.17407407407407408
