1 0.18776041666666665 0.7574074074074074 0.008854166666666666 0.012962962962962964
1 0.4265625 0.5902777777777778 0.008333333333333333 0.01388888888888889
1 0.6083333333333333 0.5893518518518519 0.009375 0.019444444444444445
1 0.40260416666666665 0.6902777777777778 0.00625 0.010185185185185186
1 0.3958333333333333 0.6995370370370371 0.00625 0.012037037037037037
1 0.28098958333333335 0.8601851851851852 0.0078125 0.012962962962962964
1 0.29010416666666666 0.9277777777777778 0.007291666666666667 0.014814814814814815
1 0.39739583333333334 0.7939814814814815 0.009375 0.01388888888888889
1 0.44140625 0.7708333333333334 0.009895833333333333 0.01388888888888889
1 0.44453125 0.8027777777777778 0.0078125 0.012962962962962964
1 0.4984375 0.837962962962963 0.007291666666666667 0.012962962962962964
0 0.36354166666666665 0.5824074074074075 0.5708333333333333 0.8351851851851853
2 0.3546875 0.6592592592592593 0.003125 0.005555555555555556
3 0.35703125 0.6574074074074074 0.1109375 0.19444444444444445
