1 0.42526041666666664 0.28101851851851856 0.005729166666666666 0.01388888888888889
1 0.4440104166666667 0.3462962962962963 0.009895833333333333 0.012962962962962964
1 0.27057291666666666 0.425462962962963 0.0067708333333333336 0.010185185185185186
1 0.42213541666666665 0.6097222222222223 0.0078125 0.012037037037037037
1 0.6020833333333333 0.6027777777777777 0.009375 0.012962962962962964
1 0.4239583333333333 0.7449074074074075 0.010416666666666666 0.01388888888888889
1 0.4395833333333333 0.7902777777777779 0.008333333333333333 0.015740740740740743
1 0.44140625 0.8199074074074074 0.0078125 0.010185185185185186
1 0.4942708333333333 0.8541666666666667 0.00625 0.01388888888888889
1 0.3950520833333333 0.8148148148148149 0.0067708333333333336 0.016666666666666666
1 0.4005208333333333 0.7106481481481481 0.007291666666666667 0.010185185185185186
1 0.39348958333333334 0.7236111111111111 0.0067708333333333336 0.015740740740740743
1 0.2791666666666667 0.8837962962962963 0.009375 0.015740740740740743
1 0.28802083333333334 0.9476851851851852 0.008333333333333333 0.01388888888888889
1 0.22291666666666665 0.5726851851851852 0.010416666666666666 0.012037037037037037
1 0.18489583333333334 0.7819444444444444 0.008333333333333333 0.01388888888888889
1 0.22526041666666666 0.9087962962962963 0.0078125 0.012037037037037037
1 0.14296875 0.9347222222222222 0.0067708333333333336 0.010185185185185186
1 0.18229166666666666 0.9564814814814815 0.009375 0.014814814814814815
1 0.18177083333333333 0.9787037037037037 0.010416666666666666 0.014814814814814815
1 0.11458333333333333 0.9953703703703705 0.00625 0.009259259259259259
0 0.36328125 0.5962962962962963 0.5671875 0.8074074074074075
2 0.353125 0.6805555555555556 0.003125 0.001851851851851852
3 0.35390625 0.6810185185185186 0.10677083333333333 0.18981481481481483
