1 0.4239583333333333 0.27731481481481485 0.009375 0.015740740740740743
1 0.44375 0.3425925925925926 0.00625 0.011111111111111112
1 0.27057291666666666 0.4222222222222222 0.0067708333333333336 0.012962962962962964
1 0.2734375 0.38472222222222224 0.005208333333333333 0.012037037037037037
1 0.6026041666666666 0.600462962962963 0.009375 0.012037037037037037
1 0.42213541666666665 0.6087962962962963 0.008854166666666666 0.01388888888888889
1 0.39947916666666666 0.7074074074074075 0.007291666666666667 0.012962962962962964
1 0.3911458333333333 0.7185185185185186 0.004166666666666667 0.012962962962962964
1 0.42421875 0.7425925925925926 0.0067708333333333336 0.014814814814814815
1 0.39479166666666665 0.8092592592592593 0.00625 0.014814814814814815
1 0.4375 0.7847222222222222 0.007291666666666667 0.012037037037037037
1 0.4401041666666667 0.8175925925925926 0.00625 0.012962962962962964
1 0.49322916666666666 0.850925925925926 0.008333333333333333 0.012962962962962964
1 0.3059895833333333 0.9074074074074074 0.0078125 0.012962962962962964
1 0.278125 0.8787037037037038 0.007291666666666667 0.014814814814814815
1 0.2872395833333333 0.9458333333333334 0.005729166666666666 0.015740740740740743
1 0.22161458333333334 0.5708333333333333 0.0078125 0.010185185185185186
1 0.18515625 0.7791666666666667 0.008854166666666666 0.012037037037037037
1 0.22473958333333333 0.9050925925925927 0.008854166666666666 0.010185185185185186
1 0.1421875 0.9324074074074075 0.00625 0.016666666666666666
1 0.18255208333333334 0.9537037037037037 0.0078125 0.014814814814814815
1 0.18046875 0.9745370370370371 0.0078125 0.015740740740740743
1 0.1140625 0.9953703703703705 0.009375 0.007407407407407408
0 0.36432291666666666 0.5949074074074074 0.5640625 0.8101851851851852
2 0.35182291666666665 0.675 0.0036458333333333334 0.005555555555555556
3 0.3528645833333333 0.675 0.10885416666666667 0.1925925925925926
