1 0.665625 0.5722222222222223 0.007291666666666667 0.012962962962962964
1 0.3736979166666667 0.600462962962963 0.0067708333333333336 0.012037037037037037
1 0.4473958333333333 0.33101851851851855 0.007291666666666667 0.01388888888888889
1 0.42265625 0.02592592592592593 0.0067708333333333336 0.009259259259259259
1 0.3286458333333333 0.5768518518518518 0.005208333333333333 0.009259259259259259
1 0.28541666666666665 0.5444444444444445 0.007291666666666667 0.012962962962962964
1 0.27109375 0.549537037037037 0.0067708333333333336 0.010185185185185186
1 0.296875 0.4449074074074074 0.005208333333333333 0.012037037037037037
1 0.29401041666666666 0.41944444444444445 0.0067708333333333336 0.011111111111111112
1 0.31015625 0.3666666666666667 0.0067708333333333336 0.011111111111111112
1 0.290625 0.3625 0.00625 0.012037037037037037
1 0.26484375 0.32037037037037036 0.0067708333333333336 0.011111111111111112
1 0.24010416666666667 0.33287037037037037 0.008333333333333333 0.012037037037037037
1 0.225 0.362962962962963 0.008333333333333333 0.011111111111111112
0 0.39427083333333335 0.39305555555555555 0.578125 0.7805555555555556
2 0.38385416666666666 0.38981481481481484 0.004166666666666667 0.003703703703703704
3 0.3828125 0.39305555555555555 0.11770833333333333 0.16944444444444445
