1 0.4203125 0.011111111111111112 0.008333333333333333 0.012962962962962964
1 0.6640625 0.5652777777777778 0.008333333333333333 0.015740740740740743
1 0.4440104166666667 0.3125 0.0067708333333333336 0.010185185185185186
1 0.26015625 0.29444444444444445 0.0067708333333333336 0.007407407407407408
1 0.23567708333333334 0.3106481481481482 0.0078125 0.010185185185185186
1 0.21953124999999998 0.34351851851851856 0.0067708333333333336 0.011111111111111112
1 0.2864583333333333 0.3375 0.008333333333333333 0.010185185185185186
1 0.3065104166666667 0.34351851851851856 0.005729166666666666 0.011111111111111112
1 0.2895833333333333 0.3944444444444445 0.008333333333333333 0.012962962962962964
1 0.2916666666666667 0.4189814814814815 0.008333333333333333 0.01388888888888889
1 0.2677083333333333 0.5259259259259259 0.008333333333333333 0.012962962962962964
1 0.28151041666666665 0.5212962962962964 0.0067708333333333336 0.012962962962962964
1 0.3247395833333333 0.5546296296296297 0.0067708333333333336 0.012962962962962964
1 0.37057291666666664 0.5837962962962964 0.0078125 0.010185185185185186
0 0.3924479166666667 0.3888888888888889 0.5817708333333333 0.7722222222222223
2 0.37864583333333335 0.3689814814814815 0.005208333333333333 0.004629629629629629
3 0.3809895833333333 0.3712962962962963 0.1140625 0.17407407407407408
