1 0.57578125 0.04120370370370371 0.0078125 0.010185185185185186
1 0.5236979166666667 0.04537037037037037 0.0067708333333333336 0.011111111111111112
1 0.48463541666666665 0.043055555555555555 0.005729166666666666 0.008333333333333333
1 0.4783854166666667 0.043055555555555555 0.0046875 0.006481481481481482
1 0.5018229166666667 0.08194444444444444 0.0067708333333333336 0.012037037037037037
1 0.5502604166666667 0.06898148148148149 0.005729166666666666 0.010185185185185186
1 0.54453125 0.08750000000000001 0.005729166666666666 0.010185185185185186
1 0.5583333333333333 0.08240740740740742 0.005208333333333333 0.009259259259259259
1 0.5091145833333334 0.11388888888888889 0.005729166666666666 0.009259259259259259
1 0.48541666666666666 0.14212962962962963 0.007291666666666667 0.010185185185185186
1 0.47291666666666665 0.1513888888888889 0.00625 0.012037037037037037
1 0.5419270833333333 0.11435185185185186 0.005729166666666666 0.012037037037037037
1 0.5463541666666667 0.11435185185185186 0.005208333333333333 0.010185185185185186
1 0.5747395833333333 0.10925925925925926 0.005729166666666666 0.011111111111111112
1 0.5989583333333334 0.13101851851851853 0.00625 0.010185185185185186
1 0.5979166666666667 0.15925925925925927 0.00625 0.012962962962962964
1 0.5768229166666666 0.1486111111111111 0.0067708333333333336 0.01388888888888889
1 0.5697916666666667 0.15 0.004166666666666667 0.011111111111111112
1 0.5338541666666666 0.15694444444444444 0.00625 0.012037037037037037
1 0.5375 0.19675925925925927 0.005208333333333333 0.012037037037037037
1 0.47578125 0.21064814814814817 0.005729166666666666 0.010185185185185186
1 0.4640625 0.26805555555555555 0.005208333333333333 0.012037037037037037
1 0.5528645833333333 0.23703703703703705 0.005729166666666666 0.014814814814814815
1 0.6567708333333333 0.2199074074074074 0.005208333333333333 0.010185185185185186
1 0.6385416666666667 0.22546296296296298 0.005208333333333333 0.012037037037037037
1 0.7356770833333334 0.2898148148148148 0.0067708333333333336 0.012962962962962964
1 0.74375 0.325 0.00625 0.011111111111111112
1 0.66796875 0.30324074074074076 0.005729166666666666 0.012037037037037037
1 0.725 0.4217592592592593 0.00625 0.010185185185185186
1 0.7166666666666667 0.49583333333333335 0.007291666666666667 0.010185185185185186
1 0.696875 0.4328703703703704 0.005208333333333333 0.012037037037037037
1 0.7044270833333334 0.5180555555555556 0.0046875 0.010185185185185186
1 0.67265625 0.49259259259259264 0.0067708333333333336 0.012962962962962964
1 0.6528645833333333 0.49768518518518523 0.0067708333333333336 0.010185185185185186
1 0.63125 0.5023148148148149 0.005208333333333333 0.010185185185185186
1 0.6421875 0.3888888888888889 0.00625 0.012962962962962964
1 0.63203125 0.28564814814814815 0.0046875 0.01388888888888889
1 0.62265625 0.29814814814814816 0.0067708333333333336 0.007407407407407408
1 0.5916666666666667 0.2796296296296296 0.005208333333333333 0.009259259259259259
1 0.6036458333333333 0.33101851851851855 0.008333333333333333 0.01388888888888889
1 0.6036458333333333 0.36712962962962964 0.005208333333333333 0.012037037037037037
1 0.5888020833333333 0.3976851851851852 0.005729166666666666 0.012037037037037037
1 0.5890625 0.3597222222222222 0.004166666666666667 0.012037037037037037
1 0.5796875 0.35000000000000003 0.005208333333333333 0.011111111111111112
1 0.590625 0.4930555555555556 0.007291666666666667 0.012037037037037037
1 0.5950520833333334 0.5074074074074074 0.0067708333333333336 0.011111111111111112
1 0.5528645833333333 0.5277777777777778 0.005729166666666666 0.012962962962962964
1 0.5669270833333333 0.6189814814814815 0.0067708333333333336 0.010185185185185186
1 0.640625 0.6435185185185185 0.008333333333333333 0.014814814814814815
1 0.5044270833333333 0.576388888888889 0.0046875 0.012037037037037037
1 0.3927083333333333 0.5787037037037037 0.005208333333333333 0.009259259259259259
1 0.4080729166666667 0.4277777777777778 0.005729166666666666 0.009259259259259259
1 0.4393229166666667 0.45833333333333337 0.005729166666666666 0.009259259259259259
1 0.4419270833333333 0.39305555555555555 0.005729166666666666 0.010185185185185186
1 0.47291666666666665 0.32037037037037036 0.00625 0.011111111111111112
1 0.49453125 0.2898148148148148 0.0046875 0.009259259259259259
1 0.5125 0.30092592592592593 0.004166666666666667 0.009259259259259259
1 0.4927083333333333 0.35833333333333334 0.00625 0.005555555555555556
1 0.49140625 0.3699074074074074 0.005729166666666666 0.008333333333333333
1 0.4817708333333333 0.3962962962962963 0.00625 0.011111111111111112
1 0.5002604166666667 0.4527777777777778 0.0046875 0.007407407407407408
1 0.5200520833333333 0.45601851851851855 0.005729166666666666 0.010185185185185186
1 0.34088541666666666 0.3541666666666667 0.009895833333333333 0.010185185185185186
1 0.63203125 0.10324074074074074 0.009895833333333333 0.012037037037037037
1 0.6260416666666666 0.1486111111111111 0.007291666666666667 0.010185185185185186
1 0.66328125 0.13472222222222222 0.0078125 0.012037037037037037
1 0.6622395833333333 0.1638888888888889 0.008854166666666666 0.009259259259259259
1 0.7015625 0.1851851851851852 0.010416666666666666 0.012962962962962964
0 0.5278645833333333 0.38796296296296295 0.4713541666666667 0.7740740740740741
2 0.5161458333333333 0.39722222222222225 0.0010416666666666667 0.005555555555555556
3 0.5169270833333334 0.39722222222222225 0.09010416666666667 0.14814814814814814
