1 0.5494791666666666 0.34675925925925927 0.005208333333333333 0.008333333333333333
1 0.49453125 0.32962962962962966 0.0046875 0.007407407407407408
1 0.44817708333333334 0.30972222222222223 0.0036458333333333334 0.008333333333333333
1 0.4440104166666667 0.312962962962963 0.0036458333333333334 0.009259259259259259
1 0.46822916666666664 0.36203703703703705 0.004166666666666667 0.011111111111111112
1 0.52109375 0.36342592592592593 0.0046875 0.006481481481481482
1 0.528125 0.3814814814814815 0.005208333333333333 0.011111111111111112
1 0.4739583333333333 0.39861111111111114 0.007291666666666667 0.010185185185185186
1 0.44765625 0.4175925925925926 0.0067708333333333336 0.009259259259259259
1 0.509375 0.40740740740740744 0.005208333333333333 0.011111111111111112
1 0.5151041666666667 0.40972222222222227 0.004166666666666667 0.010185185185185186
1 0.5455729166666666 0.41481481481481486 0.005729166666666666 0.011111111111111112
1 0.5708333333333333 0.4439814814814815 0.004166666666666667 0.008333333333333333
1 0.5684895833333333 0.4763888888888889 0.0078125 0.01388888888888889
1 0.5463541666666667 0.4564814814814815 0.00625 0.011111111111111112
1 0.5393229166666667 0.4550925925925926 0.005729166666666666 0.010185185185185186
1 0.50078125 0.45092592592592595 0.0067708333333333336 0.012962962962962964
1 0.5026041666666666 0.4912037037037037 0.00625 0.010185185185185186
1 0.43385416666666665 0.4861111111111111 0.00625 0.011111111111111112
1 0.6106770833333334 0.5583333333333333 0.0067708333333333336 0.012962962962962964
1 0.6380208333333334 0.6347222222222223 0.00625 0.012037037037037037
1 0.7065104166666667 0.6222222222222222 0.0067708333333333336 0.009259259259259259
1 0.7109375 0.6564814814814816 0.007291666666666667 0.012962962962962964
1 0.6091145833333333 0.7194444444444444 0.005729166666666666 0.011111111111111112
1 0.6625 0.7648148148148148 0.007291666666666667 0.012962962962962964
1 0.68125 0.825925925925926 0.005208333333333333 0.011111111111111112
1 0.66875 0.8467592592592593 0.00625 0.012037037037037037
1 0.6377604166666666 0.8240740740740741 0.005729166666666666 0.011111111111111112
1 0.6166666666666667 0.8300925925925926 0.007291666666666667 0.010185185185185186
1 0.5950520833333334 0.8333333333333334 0.0078125 0.011111111111111112
1 0.6002604166666666 0.9717592592592593 0.0067708333333333336 0.012037037037037037
1 0.5588541666666667 0.8333333333333334 0.005208333333333333 0.009259259259259259
1 0.5546875 0.8185185185185185 0.007291666666666667 0.009259259259259259
1 0.5544270833333333 0.7208333333333333 0.005729166666666666 0.010185185185185186
1 0.5703125 0.6912037037037038 0.007291666666666667 0.010185185185185186
1 0.55546875 0.6824074074074075 0.0046875 0.009259259259259259
1 0.5161458333333333 0.8495370370370371 0.008333333333333333 0.010185185185185186
1 0.4627604166666667 0.8819444444444445 0.0046875 0.010185185185185186
1 0.4822916666666667 0.763888888888889 0.005208333333333333 0.009259259259259259
1 0.45989583333333334 0.7518518518518519 0.007291666666666667 0.009259259259259259
1 0.47265625 0.5944444444444444 0.005729166666666666 0.011111111111111112
1 0.4536458333333333 0.5740740740740741 0.00625 0.009259259259259259
1 0.42994791666666665 0.6023148148148149 0.0067708333333333336 0.010185185185185186
1 0.3919270833333333 0.7351851851851852 0.005729166666666666 0.007407407407407408
1 0.359375 0.6953703703703704 0.00625 0.009259259259259259
1 0.6049479166666667 0.42638888888888893 0.0078125 0.010185185185185186
1 0.5986979166666666 0.47222222222222227 0.009895833333333333 0.009259259259259259
1 0.6359375 0.4671296296296297 0.008333333333333333 0.010185185185185186
1 0.634375 0.49259259259259264 0.008333333333333333 0.011111111111111112
1 0.6734375 0.5273148148148148 0.0125 0.012037037037037037
0 0.4809895833333333 0.6351851851851852 0.48593749999999997 0.7296296296296296
2 0.47682291666666665 0.6981481481481482 0.0036458333333333334 0.003703703703703704
3 0.4786458333333333 0.6995370370370371 0.096875 0.14722222222222223
