1 0.5515625 0.34814814814814815 0.007291666666666667 0.009259259259259259
1 0.4947916666666667 0.33101851851851855 0.005208333333333333 0.010185185185185186
1 0.4453125 0.312962962962963 0.004166666666666667 0.009259259259259259
1 0.45 0.3125 0.005208333333333333 0.008333333333333333
1 0.46979166666666666 0.36388888888888893 0.00625 0.012962962962962964
1 0.521875 0.36574074074074076 0.005208333333333333 0.007407407407407408
1 0.5153645833333333 0.3791666666666667 0.005729166666666666 0.012037037037037037
1 0.5299479166666666 0.3837962962962963 0.005729166666666666 0.008333333333333333
1 0.47604166666666664 0.3995370370370371 0.00625 0.01388888888888889
1 0.44895833333333335 0.41805555555555557 0.008333333333333333 0.008333333333333333
1 0.5104166666666666 0.4083333333333333 0.005208333333333333 0.012962962962962964
1 0.5161458333333333 0.41203703703703703 0.005208333333333333 0.011111111111111112
1 0.5466145833333333 0.41712962962962963 0.0046875 0.008333333333333333
1 0.5721354166666667 0.44537037037037036 0.005729166666666666 0.009259259259259259
1 0.5700520833333333 0.47731481481481486 0.005729166666666666 0.012037037037037037
1 0.5479166666666666 0.45787037037037037 0.00625 0.012037037037037037
1 0.5403645833333334 0.45555555555555555 0.0046875 0.011111111111111112
1 0.5018229166666667 0.4513888888888889 0.0067708333333333336 0.01388888888888889
1 0.4354166666666667 0.48750000000000004 0.00625 0.012037037037037037
1 0.5036458333333333 0.49259259259259264 0.005208333333333333 0.009259259259259259
1 0.5174479166666667 0.5407407407407407 0.005729166666666666 0.009259259259259259
1 0.6122395833333333 0.5592592592592592 0.005729166666666666 0.009259259259259259
1 0.6307291666666667 0.5541666666666667 0.00625 0.010185185185185186
1 0.6385416666666667 0.6347222222222223 0.005208333333333333 0.010185185185185186
1 0.7075520833333333 0.6222222222222222 0.0067708333333333336 0.011111111111111112
1 0.7127604166666667 0.6569444444444444 0.005729166666666666 0.012037037037037037
1 0.6635416666666667 0.762962962962963 0.00625 0.011111111111111112
1 0.6825520833333333 0.825925925925926 0.005729166666666666 0.009259259259259259
1 0.6697916666666667 0.8467592592592593 0.00625 0.01388888888888889
1 0.6385416666666667 0.8240740740740741 0.00625 0.012962962962962964
1 0.6171875 0.8300925925925926 0.00625 0.010185185185185186
1 0.6104166666666666 0.7194444444444444 0.007291666666666667 0.012962962962962964
1 0.6041666666666666 0.6185185185185186 0.00625 0.009259259259259259
1 0.5940104166666667 0.6273148148148149 0.0046875 0.010185185185185186
1 0.5611979166666666 0.600462962962963 0.0067708333333333336 0.008333333333333333
1 0.5736979166666667 0.6592592592592593 0.0067708333333333336 0.011111111111111112
1 0.5716145833333334 0.6916666666666667 0.0067708333333333336 0.009259259259259259
1 0.5479166666666666 0.6717592592592593 0.005208333333333333 0.010185185185185186
1 0.55703125 0.6819444444444445 0.0046875 0.008333333333333333
1 0.5559895833333334 0.7208333333333333 0.005729166666666666 0.012037037037037037
1 0.5958333333333333 0.8337962962962964 0.007291666666666667 0.015740740740740743
1 0.5557291666666666 0.8171296296296297 0.007291666666666667 0.008333333333333333
1 0.56015625 0.8333333333333334 0.005729166666666666 0.011111111111111112
1 0.515625 0.8490740740740741 0.005208333333333333 0.012962962962962964
1 0.5294270833333333 0.9425925925925926 0.005729166666666666 0.012962962962962964
1 0.6010416666666667 0.9722222222222222 0.008333333333333333 0.014814814814814815
1 0.42109375 0.5407407407407407 0.005729166666666666 0.009259259259259259
1 0.45625 0.5768518518518518 0.005208333333333333 0.009259259259259259
1 0.4744791666666667 0.5967592592592593 0.007291666666666667 0.012037037037037037
1 0.43046875 0.6013888888888889 0.0067708333333333336 0.012037037037037037
1 0.45208333333333334 0.6490740740740741 0.00625 0.007407407407407408
1 0.4513020833333333 0.6620370370370371 0.005729166666666666 0.007407407407407408
1 0.4395833333333333 0.6856481481481482 0.00625 0.010185185185185186
1 0.46067708333333335 0.7532407407407408 0.0067708333333333336 0.010185185185185186
1 0.48359375 0.763888888888889 0.0067708333333333336 0.011111111111111112
1 0.396875 0.6675925925925926 0.005208333333333333 0.011111111111111112
1 0.36015625 0.6962962962962963 0.0067708333333333336 0.009259259259259259
1 0.39348958333333334 0.736574074074074 0.005729166666666666 0.008333333333333333
1 0.46380208333333334 0.8833333333333334 0.0046875 0.009259259259259259
1 0.6072916666666667 0.4273148148148148 0.009375 0.010185185185185186
1 0.6 0.47314814814814815 0.008333333333333333 0.009259259259259259
1 0.6372395833333333 0.46805555555555556 0.009895833333333333 0.012037037037037037
1 0.6354166666666666 0.4939814814814815 0.008333333333333333 0.010185185185185186
1 0.6747395833333333 0.5273148148148148 0.011979166666666666 0.010185185185185186
0 0.48359375 0.6342592592592593 0.48593749999999997 0.7314814814814815
2 0.47812499999999997 0.6972222222222223 0.0010416666666666667 0.001851851851851852
3 0.4791666666666667 0.700925925925926 0.09375 0.15
