1 0.4484375 0.3199074074074074 0.004166666666666667 0.008333333333333333
1 0.4549479166666667 0.32175925925925924 0.0046875 0.010185185185185186
1 0.496875 0.33796296296296297 0.00625 0.011111111111111112
1 0.5526041666666667 0.3527777777777778 0.00625 0.011111111111111112
1 0.471875 0.3689814814814815 0.00625 0.008333333333333333
1 0.4765625 0.4046296296296297 0.005208333333333333 0.011111111111111112
1 0.52421875 0.3712962962962963 0.005729166666666666 0.009259259259259259
1 0.5166666666666666 0.3856481481481482 0.005208333333333333 0.010185185185185186
1 0.5315104166666667 0.3888888888888889 0.005729166666666666 0.009259259259259259
1 0.5479166666666666 0.4222222222222222 0.004166666666666667 0.009259259259259259
1 0.5734375 0.44907407407407407 0.004166666666666667 0.009259259259259259
1 0.5713541666666666 0.48194444444444445 0.00625 0.012037037037037037
1 0.55 0.4638888888888889 0.007291666666666667 0.011111111111111112
1 0.5419270833333333 0.4620370370370371 0.005729166666666666 0.011111111111111112
1 0.5114583333333333 0.41250000000000003 0.00625 0.012037037037037037
1 0.5177083333333333 0.4166666666666667 0.003125 0.011111111111111112
1 0.45026041666666666 0.425462962962963 0.005729166666666666 0.01388888888888889
1 0.43723958333333335 0.4300925925925926 0.0067708333333333336 0.012037037037037037
1 0.503125 0.4569444444444445 0.00625 0.012037037037037037
1 0.5057291666666667 0.4986111111111111 0.00625 0.010185185185185186
1 0.43671875 0.49212962962962964 0.005729166666666666 0.010185185185185186
1 0.42213541666666665 0.5453703703703704 0.0078125 0.012962962962962964
1 0.5190104166666667 0.5458333333333334 0.005729166666666666 0.010185185185185186
1 0.6309895833333333 0.5583333333333333 0.005729166666666666 0.011111111111111112
1 0.6138020833333333 0.5615740740740741 0.0067708333333333336 0.010185185185185186
1 0.5627604166666667 0.6032407407407407 0.0078125 0.010185185185185186
1 0.45729166666666665 0.5810185185185185 0.00625 0.008333333333333333
1 0.4328125 0.6060185185185185 0.00625 0.010185185185185186
1 0.47604166666666664 0.600462962962963 0.005208333333333333 0.01388888888888889
1 0.3971354166666667 0.6722222222222223 0.0078125 0.009259259259259259
1 0.3614583333333333 0.7000000000000001 0.007291666666666667 0.009259259259259259
1 0.34270833333333334 0.8527777777777779 0.00625 0.009259259259259259
1 0.39427083333333335 0.7393518518518519 0.00625 0.010185185185185186
1 0.44088541666666664 0.6893518518518519 0.005729166666666666 0.010185185185185186
1 0.453125 0.6546296296296297 0.007291666666666667 0.009259259259259259
1 0.45208333333333334 0.6648148148148149 0.00625 0.007407407407407408
1 0.46171875 0.7550925925925926 0.0046875 0.010185185185185186
1 0.48359375 0.7657407407407407 0.005729166666666666 0.011111111111111112
1 0.46510416666666665 0.8861111111111112 0.00625 0.012962962962962964
1 0.5174479166666667 0.850925925925926 0.0067708333333333336 0.012962962962962964
1 0.53046875 0.9449074074074074 0.005729166666666666 0.010185185185185186
1 0.6018229166666667 0.9726851851851852 0.0078125 0.012037037037037037
1 0.5486979166666667 0.675 0.005729166666666666 0.009259259259259259
1 0.5580729166666667 0.6851851851851852 0.0046875 0.011111111111111112
1 0.5567708333333333 0.7231481481481482 0.00625 0.011111111111111112
1 0.5567708333333333 0.8212962962962963 0.008333333333333333 0.009259259259259259
1 0.5611979166666666 0.8361111111111111 0.005729166666666666 0.012962962962962964
1 0.575 0.6615740740740741 0.00625 0.012037037037037037
1 0.57265625 0.6949074074074074 0.005729166666666666 0.01388888888888889
1 0.5950520833333334 0.6310185185185185 0.0067708333333333336 0.010185185185185186
1 0.6044270833333333 0.6203703703703703 0.0046875 0.009259259259259259
1 0.6380208333333334 0.6375000000000001 0.005208333333333333 0.010185185185185186
1 0.6104166666666666 0.7194444444444444 0.00625 0.009259259259259259
1 0.5963541666666666 0.8342592592592593 0.007291666666666667 0.012962962962962964
1 0.6169270833333333 0.8324074074074075 0.0078125 0.011111111111111112
1 0.6395833333333333 0.825925925925926 0.00625 0.012962962962962964
1 0.66328125 0.7652777777777778 0.0067708333333333336 0.01388888888888889
1 0.6919270833333333 0.7555555555555555 0.0067708333333333336 0.011111111111111112
1 0.6825520833333333 0.8296296296296297 0.005729166666666666 0.011111111111111112
1 0.6697916666666667 0.8481481481481482 0.00625 0.011111111111111112
1 0.7080729166666666 0.625 0.005729166666666666 0.012962962962962964
1 0.7130208333333333 0.6601851851851852 0.00625 0.011111111111111112
1 0.29661458333333335 0.6208333333333333 0.0078125 0.012037037037037037
1 0.6080729166666666 0.4300925925925926 0.0078125 0.010185185185185186
1 0.6380208333333334 0.4703703703703704 0.008333333333333333 0.011111111111111112
1 0.60078125 0.47731481481481486 0.0067708333333333336 0.010185185185185186
1 0.6359375 0.4981481481481482 0.010416666666666666 0.012962962962962964
1 0.6755208333333333 0.5305555555555556 0.011458333333333333 0.011111111111111112
0 0.48723958333333334 0.6402777777777778 0.4848958333333333 0.7194444444444444
2 0.48046875 0.7018518518518518 0.0036458333333333334 0.001851851851851852
3 0.48046875 0.7027777777777778 0.10260416666666666 0.1462962962962963
