1 0.57109375 0.5189814814814815 0.008854166666666666 0.012037037037037037
1 0.5625 0.6324074074074074 0.00625 0.007407407407407408
1 0.6580729166666667 0.6180555555555556 0.005729166666666666 0.010185185185185186
1 0.6794270833333333 0.6662037037037037 0.0078125 0.01388888888888889
1 0.459375 0.6736111111111112 0.007291666666666667 0.010185185185185186
1 0.37395833333333334 0.7416666666666667 0.00625 0.009259259259259259
1 0.33046875 0.7810185185185186 0.0067708333333333336 0.010185185185185186
1 0.309375 0.8310185185185186 0.007291666666666667 0.012037037037037037
1 0.34479166666666666 0.8731481481481482 0.008333333333333333 0.009259259259259259
1 0.34609375 0.9120370370370371 0.008854166666666666 0.009259259259259259
1 0.4166666666666667 0.913888888888889 0.007291666666666667 0.012962962962962964
1 0.5427083333333333 0.962962962962963 0.007291666666666667 0.009259259259259259
1 0.7143229166666667 0.9430555555555556 0.0078125 0.008333333333333333
0 0.49609375 0.6555555555555556 0.48385416666666664 0.6888888888888889
2 0.48515625 0.6944444444444444 0.0015625 0.003703703703703704
3 0.4875 0.6976851851851852 0.09791666666666667 0.14351851851851852
