1 0.5354166666666667 0.11296296296296297 0.007291666666666667 0.011111111111111112
1 0.34296875 0.12083333333333333 0.0067708333333333336 0.010185185185185186
1 0.58125 0.3277777777777778 0.007291666666666667 0.011111111111111112
1 0.6567708333333333 0.41111111111111115 0.007291666666666667 0.011111111111111112
1 0.6640625 0.4865740740740741 0.008333333333333333 0.01388888888888889
1 0.5466145833333333 0.4337962962962963 0.0067708333333333336 0.012037037037037037
1 0.5541666666666667 0.6111111111111112 0.007291666666666667 0.012962962962962964
1 0.4395833333333333 0.34953703703703703 0.007291666666666667 0.012037037037037037
1 0.42526041666666664 0.3509259259259259 0.005729166666666666 0.012962962962962964
1 0.4278645833333333 0.5240740740740741 0.0067708333333333336 0.011111111111111112
1 0.3919270833333333 0.44351851851851853 0.0078125 0.012962962962962964
1 0.3419270833333333 0.3925925925925926 0.009895833333333333 0.012962962962962964
1 0.3377604166666667 0.5439814814814815 0.0078125 0.01388888888888889
1 0.3794270833333333 0.5180555555555556 0.009895833333333333 0.012037037037037037
1 0.37916666666666665 0.5300925925925926 0.008333333333333333 0.01388888888888889
0 0.46770833333333334 0.4175925925925926 0.5541666666666667 0.8333333333333334
2 0.45807291666666666 0.41250000000000003 0.0026041666666666665 0.000925925925925926
3 0.4591145833333333 0.41111111111111115 0.10885416666666667 0.20185185185185187
