1 0.44687499999999997 0.3 0.00625 0.011111111111111112
1 0.42421875 0.32083333333333336 0.0046875 0.008333333333333333
1 0.38177083333333334 0.32407407407407407 0.005208333333333333 0.009259259259259259
1 0.39557291666666666 0.3842592592592593 0.0078125 0.011111111111111112
1 0.3515625 0.4601851851851852 0.008333333333333333 0.014814814814814815
1 0.3609375 0.5023148148148149 0.007291666666666667 0.008333333333333333
1 0.38984375 0.4953703703703704 0.0078125 0.011111111111111112
1 0.41328125 0.5083333333333333 0.005729166666666666 0.011111111111111112
1 0.5942708333333333 0.38333333333333336 0.00625 0.014814814814814815
1 0.4552083333333333 0.4351851851851852 0.00625 0.011111111111111112
1 0.46979166666666666 0.45462962962962966 0.00625 0.011111111111111112
1 0.3609375 0.5476851851851852 0.00625 0.012037037037037037
1 0.26458333333333334 0.6037037037037037 0.004166666666666667 0.011111111111111112
1 0.31979166666666664 0.6166666666666667 0.005208333333333333 0.009259259259259259
1 0.38984375 0.5995370370370371 0.005729166666666666 0.012037037037037037
1 0.4041666666666667 0.6277777777777778 0.007291666666666667 0.011111111111111112
1 0.34348958333333335 0.7773148148148148 0.005729166666666666 0.01388888888888889
1 0.4356770833333333 0.637962962962963 0.0067708333333333336 0.011111111111111112
1 0.4356770833333333 0.5967592592592593 0.005729166666666666 0.012037037037037037
1 0.440625 0.5976851851851852 0.00625 0.010185185185185186
1 0.46770833333333334 0.6087962962962963 0.00625 0.010185185185185186
1 0.48072916666666665 0.5888888888888889 0.005208333333333333 0.009259259259259259
1 0.4786458333333333 0.6013888888888889 0.00625 0.012037037037037037
1 0.46796875 0.7337962962962963 0.005729166666666666 0.01388888888888889
1 0.51328125 0.8078703703703703 0.0078125 0.01388888888888889
1 0.51953125 0.8495370370370371 0.0078125 0.015740740740740743
1 0.5575520833333333 0.6828703703703703 0.005729166666666666 0.012037037037037037
1 0.6625 0.788425925925926 0.007291666666666667 0.012037037037037037
1 0.5705729166666667 0.5717592592592593 0.005729166666666666 0.012037037037037037
1 0.55234375 0.5694444444444444 0.0046875 0.011111111111111112
1 0.5393229166666667 0.5324074074074074 0.005729166666666666 0.011111111111111112
1 0.5380208333333333 0.5060185185185185 0.00625 0.008333333333333333
1 0.7078125 0.8203703703703704 0.007291666666666667 0.012962962962962964
1 0.24322916666666666 0.8032407407407408 0.008333333333333333 0.015740740740740743
1 0.3098958333333333 0.4476851851851852 0.0125 0.01388888888888889
0 0.48463541666666665 0.5708333333333333 0.49322916666666666 0.8361111111111111
2 0.4979166666666667 0.6296296296296297 0.0010416666666666667 0.005555555555555556
3 0.49895833333333334 0.6268518518518519 0.103125 0.17037037037037037
