1 0.4473958333333333 0.2986111111111111 0.007291666666666667 0.012037037037037037
1 0.42526041666666664 0.3175925925925926 0.0067708333333333336 0.007407407407407408
1 0.38203125 0.32175925925925924 0.0078125 0.010185185185185186
1 0.3971354166666667 0.38472222222222224 0.008854166666666666 0.010185185185185186
1 0.5950520833333334 0.3814814814814815 0.0078125 0.016666666666666666
1 0.4557291666666667 0.43333333333333335 0.007291666666666667 0.009259259259259259
1 0.4708333333333333 0.45416666666666666 0.00625 0.010185185185185186
1 0.3528645833333333 0.45787037037037037 0.005729166666666666 0.01388888888888889
1 0.3911458333333333 0.4949074074074074 0.007291666666666667 0.010185185185185186
1 0.3614583333333333 0.500925925925926 0.007291666666666667 0.012962962962962964
1 0.36276041666666664 0.5453703703703704 0.0078125 0.012962962962962964
1 0.41432291666666665 0.5074074074074074 0.0067708333333333336 0.014814814814814815
1 0.3208333333333333 0.6157407407407408 0.007291666666666667 0.011111111111111112
1 0.3625 0.6537037037037037 0.008333333333333333 0.014814814814814815
1 0.34375 0.775462962962963 0.008333333333333333 0.01388888888888889
1 0.39166666666666666 0.8856481481481482 0.005208333333333333 0.012037037037037037
1 0.390625 0.5976851851851852 0.00625 0.010185185185185186
1 0.40546875 0.625925925925926 0.0067708333333333336 0.011111111111111112
1 0.43697916666666664 0.5962962962962963 0.004166666666666667 0.012962962962962964
1 0.4419270833333333 0.5972222222222222 0.0046875 0.012962962962962964
1 0.4359375 0.6370370370370371 0.00625 0.011111111111111112
1 0.45260416666666664 0.6328703703703704 0.007291666666666667 0.010185185185185186
1 0.453125 0.6736111111111112 0.00625 0.012037037037037037
1 0.46848958333333335 0.7324074074074074 0.0067708333333333336 0.012962962962962964
1 0.46822916666666664 0.6074074074074074 0.00625 0.012962962962962964
1 0.48046875 0.5884259259259259 0.005729166666666666 0.010185185185185186
1 0.47942708333333334 0.600462962962963 0.0078125 0.010185185185185186
1 0.47890625 0.6569444444444444 0.0067708333333333336 0.012037037037037037
1 0.5263020833333333 0.7194444444444444 0.0067708333333333336 0.014814814814814815
1 0.5140625 0.8037037037037037 0.00625 0.014814814814814815
1 0.5197916666666667 0.8476851851851852 0.008333333333333333 0.015740740740740743
1 0.5471354166666667 0.762962962962963 0.0067708333333333336 0.012962962962962964
1 0.5625 0.7101851851851853 0.007291666666666667 0.016666666666666666
1 0.55859375 0.6805555555555556 0.005729166666666666 0.012962962962962964
1 0.56953125 0.6245370370370371 0.005729166666666666 0.012037037037037037
1 0.5708333333333333 0.5680555555555555 0.005208333333333333 0.01388888888888889
1 0.5526041666666667 0.5671296296296297 0.00625 0.010185185185185186
1 0.5401041666666666 0.5319444444444444 0.00625 0.012037037037037037
1 0.5401041666666666 0.5046296296296297 0.007291666666666667 0.011111111111111112
1 0.26640625 0.6013888888888889 0.005729166666666666 0.010185185185185186
1 0.66328125 0.7870370370370371 0.0078125 0.012962962962962964
1 0.7088541666666667 0.8194444444444445 0.005208333333333333 0.009259259259259259
1 0.24427083333333333 0.8037037037037037 0.010416666666666666 0.014814814814814815
1 0.31171875 0.4467592592592593 0.008854166666666666 0.012037037037037037
0 0.4890625 0.5731481481481482 0.490625 0.8388888888888889
2 0.4979166666666667 0.6287037037037038 0.003125 0.003703703703703704
3 0.49895833333333334 0.625462962962963 0.103125 0.17685185185185187
