1 0.44296874999999997 0.3060185185185185 0.0078125 0.01388888888888889
1 0.590625 0.3875 0.00625 0.010185185185185186
1 0.56640625 0.575462962962963 0.005729166666666666 0.01388888888888889
1 0.5489583333333333 0.5736111111111112 0.00625 0.012037037037037037
1 0.46458333333333335 0.6138888888888889 0.007291666666666667 0.012962962962962964
1 0.5161458333333333 0.8490740740740741 0.007291666666666667 0.011111111111111112
1 0.70703125 0.8245370370370371 0.0067708333333333336 0.01388888888888889
1 0.3072916666666667 0.4537037037037037 0.009375 0.012962962962962964
1 0.23932291666666666 0.8087962962962963 0.008854166666666666 0.012037037037037037
0 0.48333333333333334 0.5768518518518518 0.4927083333333333 0.8351851851851853
2 0.4942708333333333 0.6314814814814815 0.003125 0.001851851851851852
3 0.49583333333333335 0.6273148148148149 0.10416666666666667 0.17685185185185187
