1 0.44557291666666665 0.30185185185185187 0.0067708333333333336 0.012962962962962964
1 0.3807291666666667 0.32731481481481484 0.007291666666666667 0.012037037037037037
1 0.5927083333333333 0.3851851851851852 0.007291666666666667 0.014814814814814815
1 0.45286458333333335 0.4375 0.0067708333333333336 0.006481481481481482
1 0.3888020833333333 0.6 0.0067708333333333336 0.011111111111111112
1 0.4669270833333333 0.7310185185185185 0.0067708333333333336 0.012037037037037037
1 0.5177083333333333 0.8462962962962963 0.007291666666666667 0.014814814814814815
1 0.465625 0.6087962962962963 0.007291666666666667 0.010185185185185186
1 0.47890625 0.5912037037037037 0.0067708333333333336 0.010185185185185186
1 0.5557291666666666 0.6842592592592592 0.00625 0.012962962962962964
1 0.5361979166666666 0.5060185185185185 0.0078125 0.012037037037037037
1 0.5377604166666666 0.5337962962962963 0.005729166666666666 0.012037037037037037
1 0.55 0.5694444444444444 0.005208333333333333 0.012962962962962964
1 0.5677083333333334 0.5722222222222223 0.007291666666666667 0.012962962962962964
1 0.6604166666666667 0.7916666666666667 0.007291666666666667 0.012962962962962964
1 0.70703125 0.8217592592592593 0.0067708333333333336 0.012037037037037037
1 0.24192708333333332 0.8069444444444445 0.0109375 0.01388888888888889
1 0.3091145833333333 0.45046296296296295 0.009895833333333333 0.010185185185185186
0 0.4875 0.5768518518518518 0.49166666666666664 0.8388888888888889
2 0.49505208333333334 0.6277777777777778 0.0026041666666666665 0.001851851851851852
3 0.4973958333333333 0.625462962962963 0.10208333333333333 0.16944444444444445
