1 0.4471354166666667 0.2986111111111111 0.0078125 0.008333333333333333
1 0.4236979166666667 0.31851851851851853 0.0078125 0.011111111111111112
1 0.3809895833333333 0.3226851851851852 0.0067708333333333336 0.010185185185185186
1 0.3966145833333333 0.38472222222222224 0.0078125 0.012037037037037037
1 0.5942708333333333 0.38101851851851853 0.00625 0.010185185185185186
1 0.45468749999999997 0.43333333333333335 0.00625 0.012962962962962964
1 0.46953125 0.4537037037037037 0.0078125 0.012962962962962964
1 0.35182291666666665 0.45787037037037037 0.0078125 0.010185185185185186
1 0.390625 0.4930555555555556 0.009375 0.012037037037037037
1 0.36171875 0.5 0.0067708333333333336 0.012962962962962964
1 0.3606770833333333 0.5458333333333334 0.0067708333333333336 0.012037037037037037
1 0.32057291666666665 0.6171296296296297 0.0078125 0.01388888888888889
1 0.34375 0.775462962962963 0.00625 0.01388888888888889
1 0.38958333333333334 0.5972222222222222 0.00625 0.011111111111111112
1 0.43515624999999997 0.6370370370370371 0.0078125 0.011111111111111112
1 0.46848958333333335 0.7296296296296296 0.0078125 0.014814814814814815
1 0.46796875 0.6064814814814815 0.0078125 0.012962962962962964
1 0.48072916666666665 0.5875 0.007291666666666667 0.010185185185185186
1 0.5377604166666666 0.5037037037037038 0.005729166666666666 0.012962962962962964
1 0.5395833333333333 0.5319444444444444 0.007291666666666667 0.012037037037037037
1 0.5513020833333333 0.5666666666666667 0.0067708333333333336 0.011111111111111112
1 0.56953125 0.5689814814814815 0.005729166666666666 0.01388888888888889
1 0.5580729166666667 0.6791666666666667 0.005729166666666666 0.012037037037037037
1 0.5127604166666666 0.800462962962963 0.0067708333333333336 0.01388888888888889
1 0.5192708333333333 0.8425925925925927 0.00625 0.014814814814814815
1 0.6622395833333333 0.7861111111111111 0.0067708333333333336 0.009259259259259259
1 0.7091145833333333 0.8185185185185185 0.0067708333333333336 0.012962962962962964
1 0.26536458333333335 0.6013888888888889 0.0067708333333333336 0.010185185185185186
1 0.24348958333333334 0.8032407407407408 0.0109375 0.01388888888888889
1 0.3111979166666667 0.4462962962962963 0.0109375 0.011111111111111112
0 0.48723958333333334 0.5736111111111112 0.4942708333333333 0.8453703703703704
2 0.4973958333333333 0.6240740740740741 0.0 0.003703703703703704
3 0.4984375 0.6226851851851852 0.10208333333333333 0.1712962962962963
