1 0.44453125 0.3023148148148148 0.0078125 0.012037037037037037
1 0.37890625 0.325 0.005729166666666666 0.009259259259259259
1 0.39427083333333335 0.38796296296296295 0.00625 0.014814814814814815
1 0.5921875 0.3856481481481482 0.007291666666666667 0.010185185185185186
1 0.453125 0.4351851851851852 0.00625 0.012962962962962964
1 0.3580729166666667 0.5476851851851852 0.0078125 0.012037037037037037
1 0.38697916666666665 0.600925925925926 0.00625 0.012962962962962964
1 0.4661458333333333 0.6111111111111112 0.005208333333333333 0.007407407407407408
1 0.47812499999999997 0.5902777777777778 0.005208333333333333 0.008333333333333333
1 0.465625 0.7328703703703704 0.00625 0.010185185185185186
1 0.5364583333333334 0.5078703703703704 0.00625 0.012037037037037037
1 0.5380208333333333 0.5361111111111111 0.007291666666666667 0.012962962962962964
1 0.5494791666666666 0.5685185185185185 0.009375 0.011111111111111112
1 0.5677083333333334 0.5717592592592593 0.005208333333333333 0.010185185185185186
1 0.55546875 0.6828703703703703 0.005729166666666666 0.010185185185185186
1 0.5174479166666667 0.8449074074074074 0.005729166666666666 0.012037037037037037
1 0.6609375 0.7893518518518519 0.00625 0.01388888888888889
1 0.70703125 0.8212962962962963 0.008854166666666666 0.012962962962962964
1 0.24088541666666666 0.8050925925925926 0.009895833333333333 0.012037037037037037
1 0.30859375 0.4486111111111111 0.009895833333333333 0.01388888888888889
0 0.48593749999999997 0.5750000000000001 0.48854166666666665 0.8351851851851853
2 0.49374999999999997 0.625462962962963 0.004166666666666667 0.006481481481481482
3 0.4966145833333333 0.6263888888888889 0.10260416666666666 0.1712962962962963
