1 0.4473958333333333 0.2986111111111111 0.005208333333333333 0.008333333333333333
1 0.42526041666666664 0.3189814814814815 0.0067708333333333336 0.010185185185185186
1 0.38177083333333334 0.3212962962962963 0.005208333333333333 0.011111111111111112
1 0.3963541666666667 0.3837962962962963 0.007291666666666667 0.01388888888888889
1 0.3536458333333333 0.45972222222222225 0.007291666666666667 0.012037037037037037
1 0.36223958333333334 0.5 0.0067708333333333336 0.009259259259259259
1 0.39088541666666665 0.4930555555555556 0.0067708333333333336 0.012037037037037037
1 0.45598958333333334 0.4342592592592593 0.0046875 0.007407407407407408
1 0.47031249999999997 0.45555555555555555 0.007291666666666667 0.011111111111111112
1 0.5950520833333334 0.38101851851851853 0.0036458333333333334 0.010185185185185186
1 0.4145833333333333 0.5064814814814815 0.005208333333333333 0.009259259259259259
1 0.36171875 0.5444444444444445 0.0078125 0.009259259259259259
1 0.265625 0.6027777777777777 0.005208333333333333 0.009259259259259259
1 0.32057291666666665 0.6171296296296297 0.005729166666666666 0.010185185185185186
1 0.390625 0.5976851851851852 0.005208333333333333 0.012037037037037037
1 0.36302083333333335 0.6541666666666667 0.005208333333333333 0.012037037037037037
1 0.34401041666666665 0.775462962962963 0.0067708333333333336 0.012037037037037037
1 0.3921875 0.8865740740740741 0.00625 0.012037037037037037
1 0.40625 0.625925925925926 0.00625 0.009259259259259259
1 0.43697916666666664 0.5967592592592593 0.005208333333333333 0.010185185185185186
1 0.44114583333333335 0.5962962962962963 0.00625 0.012962962962962964
1 0.4356770833333333 0.638425925925926 0.005729166666666666 0.010185185185185186
1 0.45234375 0.6324074074074074 0.005729166666666666 0.009259259259259259
1 0.45338541666666665 0.6722222222222223 0.0067708333333333336 0.009259259259259259
1 0.46848958333333335 0.7314814814814815 0.0046875 0.011111111111111112
1 0.4791666666666667 0.6587962962962963 0.005208333333333333 0.012037037037037037
1 0.46796875 0.6064814814814815 0.0067708333333333336 0.009259259259259259
1 0.48151041666666666 0.5875 0.005729166666666666 0.010185185185185186
1 0.47994791666666664 0.600462962962963 0.0078125 0.010185185185185186
1 0.5260416666666666 0.7189814814814816 0.00625 0.008333333333333333
1 0.5481770833333334 0.7620370370370371 0.005729166666666666 0.009259259259259259
1 0.5140625 0.8050925925925926 0.00625 0.012037037037037037
1 0.5208333333333334 0.8472222222222222 0.008333333333333333 0.012962962962962964
1 0.5627604166666667 0.7111111111111111 0.005729166666666666 0.011111111111111112
1 0.5580729166666667 0.6814814814814815 0.005729166666666666 0.011111111111111112
1 0.5708333333333333 0.5694444444444444 0.005208333333333333 0.009259259259259259
1 0.55234375 0.5671296296296297 0.005729166666666666 0.010185185185185186
1 0.540625 0.5324074074074074 0.004166666666666667 0.011111111111111112
1 0.5395833333333333 0.5050925925925926 0.00625 0.010185185185185186
1 0.66328125 0.7875 0.0067708333333333336 0.012037037037037037
1 0.7091145833333333 0.8194444444444445 0.005729166666666666 0.009259259259259259
1 0.24401041666666667 0.8027777777777778 0.009895833333333333 0.014814814814814815
1 0.3111979166666667 0.4476851851851852 0.009895833333333333 0.012037037037037037
0 0.4869791666666667 0.5708333333333333 0.4927083333333333 0.8361111111111111
2 0.4966145833333333 0.6263888888888889 0.0036458333333333334 0.004629629629629629
3 0.5 0.6245370370370371 0.103125 0.17500000000000002
