1 0.34270833333333334 0.1337962962962963 0.007291666666666667 0.01388888888888889
1 0.525 0.11851851851851852 0.007291666666666667 0.011111111111111112
1 0.5697916666666667 0.3236111111111111 0.007291666666666667 0.01388888888888889
1 0.4317708333333333 0.34305555555555556 0.007291666666666667 0.015740740740740743
1 0.38619791666666664 0.4328703703703704 0.0078125 0.012037037037037037
1 0.5364583333333334 0.425462962962963 0.007291666666666667 0.012037037037037037
1 0.6502604166666667 0.4810185185185185 0.0067708333333333336 0.012037037037037037
0 0.46484375 0.41435185185185186 0.5296875 0.8194444444444445
2 0.45078124999999997 0.4041666666666667 0.0046875 0.000925925925925926
3 0.453125 0.4041666666666667 0.10625 0.1824074074074074
