1 0.4458333333333333 0.3027777777777778 0.005208333333333333 0.011111111111111112
1 0.59296875 0.3861111111111111 0.005729166666666666 0.007407407407407408
1 0.4536458333333333 0.4375 0.00625 0.010185185185185186
1 0.5377604166666666 0.5092592592592593 0.005729166666666666 0.012962962962962964
1 0.5385416666666667 0.5361111111111111 0.00625 0.011111111111111112
1 0.5510416666666667 0.5694444444444444 0.005208333333333333 0.011111111111111112
1 0.56875 0.5736111111111112 0.005208333333333333 0.012037037037037037
1 0.5567708333333333 0.6847222222222222 0.005208333333333333 0.012037037037037037
1 0.6614583333333334 0.7925925925925926 0.00625 0.009259259259259259
1 0.51796875 0.8472222222222222 0.0078125 0.012962962962962964
1 0.4671875 0.7333333333333334 0.007291666666666667 0.009259259259259259
1 0.47994791666666664 0.5930555555555556 0.0078125 0.012037037037037037
1 0.4661458333333333 0.6101851851851852 0.008333333333333333 0.011111111111111112
1 0.3890625 0.6013888888888889 0.007291666666666667 0.012037037037037037
1 0.7080729166666666 0.8236111111111112 0.005729166666666666 0.008333333333333333
1 0.24244791666666665 0.8050925925925926 0.008854166666666666 0.015740740740740743
1 0.30963541666666666 0.45046296296296295 0.009895833333333333 0.01388888888888889
0 0.48854166666666665 0.5768518518518518 0.4822916666666667 0.8314814814814815
2 0.49609375 0.6291666666666667 0.0026041666666666665 0.006481481481481482
3 0.49765624999999997 0.6291666666666667 0.10781249999999999 0.17685185185185187
