1 0.47109375 0.22962962962962963 0.013020833333333334 0.018518518518518517
1 0.45807291666666666 0.24166666666666667 0.013020833333333334 0.018518518518518517
1 0.41640625 0.2574074074074074 0.011979166666666666 0.016666666666666666
1 0.3692708333333333 0.2763888888888889 0.0125 0.019444444444444445
1 0.40338541666666666 0.34444444444444444 0.009895833333333333 0.018518518518518517
1 0.5578125 0.40601851851851856 0.010416666666666666 0.01388888888888889
1 0.5104166666666666 0.437962962962963 0.011458333333333333 0.016666666666666666
1 0.5328125 0.46620370370370373 0.010416666666666666 0.017592592592592594
1 0.515625 0.48750000000000004 0.009375 0.017592592592592594
1 0.5484375 0.5041666666666667 0.009375 0.015740740740740743
1 0.5049479166666666 0.5365740740740741 0.009895833333333333 0.015740740740740743
1 0.37526041666666665 0.5523148148148148 0.009895833333333333 0.017592592592592594
1 0.4231770833333333 0.46851851851851856 0.008854166666666666 0.014814814814814815
1 0.40572916666666664 0.6717592592592593 0.010416666666666666 0.015740740740740743
1 0.5200520833333333 0.6847222222222222 0.0109375 0.015740740740740743
1 0.43515624999999997 0.8495370370370371 0.0109375 0.015740740740740743
1 0.19583333333333333 0.7680555555555556 0.007291666666666667 0.01388888888888889
1 0.175 0.8916666666666667 0.010416666666666666 0.018518518518518517
0 0.43906249999999997 0.47685185185185186 0.540625 0.8703703703703703
2 0.4317708333333333 0.5287037037037037 0.003125 0.005555555555555556
3 0.4322916666666667 0.5296296296296297 0.11354166666666667 0.18333333333333335
