1 0.36875 0.2949074074074074 0.009375 0.012037037037037037
1 0.4692708333333333 0.2537037037037037 0.010416666666666666 0.014814814814814815
1 0.4552083333333333 0.26666666666666666 0.010416666666666666 0.014814814814814815
1 0.4145833333333333 0.28055555555555556 0.013541666666666667 0.014814814814814815
1 0.40078125 0.36435185185185187 0.013020833333333334 0.01388888888888889
1 0.42135416666666664 0.48564814814814816 0.008333333333333333 0.012037037037037037
1 0.3734375 0.5671296296296297 0.010416666666666666 0.015740740740740743
1 0.5559895833333334 0.42592592592592593 0.013020833333333334 0.016666666666666666
1 0.5088541666666666 0.4569444444444445 0.011458333333333333 0.015740740740740743
1 0.5302083333333333 0.4847222222222222 0.011458333333333333 0.017592592592592594
1 0.5138020833333333 0.5041666666666667 0.0109375 0.017592592592592594
1 0.5455729166666666 0.5194444444444445 0.009895833333333333 0.016666666666666666
1 0.5033854166666667 0.5518518518518519 0.0109375 0.016666666666666666
1 0.4044270833333333 0.6851851851851852 0.0109375 0.014814814814814815
1 0.5177083333333333 0.6912037037037038 0.0125 0.019444444444444445
1 0.4354166666666667 0.8574074074074074 0.010416666666666666 0.014814814814814815
1 0.19505208333333332 0.7703703703703704 0.008854166666666666 0.016666666666666666
1 0.17421875 0.8953703703703704 0.008854166666666666 0.016666666666666666
0 0.4393229166666667 0.47962962962962963 0.5369791666666667 0.8666666666666667
2 0.4315104166666667 0.5453703703703704 0.0046875 0.005555555555555556
3 0.43072916666666666 0.5421296296296296 0.1125 0.1824074074074074
