1 0.43463541666666666 0.0060185185185185185 0.008854166666666666 0.010185185185185186
1 0.48072916666666665 0.08703703703703704 0.009375 0.016666666666666666
1 0.3794270833333333 0.10092592592592593 0.009895833333333333 0.011111111111111112
1 0.4388020833333333 0.11805555555555557 0.0078125 0.015740740740740743
1 0.4890625 0.17314814814814816 0.011458333333333333 0.018518518518518517
1 0.40781249999999997 0.16620370370370371 0.011458333333333333 0.015740740740740743
1 0.4354166666666667 0.1685185185185185 0.007291666666666667 0.014814814814814815
1 0.4309895833333333 0.18333333333333335 0.009895833333333333 0.016666666666666666
1 0.4067708333333333 0.20324074074074075 0.011458333333333333 0.015740740740740743
1 0.39765625 0.2152777777777778 0.009895833333333333 0.01388888888888889
1 0.55 0.22175925925925927 0.009375 0.017592592592592594
1 0.5955729166666667 0.27731481481481485 0.008854166666666666 0.015740740740740743
1 0.44895833333333335 0.23287037037037037 0.0125 0.015740740740740743
1 0.44895833333333335 0.24351851851851852 0.009375 0.011111111111111112
1 0.49557291666666664 0.2652777777777778 0.011979166666666666 0.021296296296296296
1 0.5442708333333334 0.3351851851851852 0.008333333333333333 0.018518518518518517
1 0.45598958333333334 0.26944444444444443 0.0109375 0.018518518518518517
1 0.4197916666666667 0.2611111111111111 0.010416666666666666 0.018518518518518517
1 0.29244791666666664 0.2652777777777778 0.009895833333333333 0.01388888888888889
1 0.31015625 0.26990740740740743 0.009895833333333333 0.017592592592592594
1 0.33541666666666664 0.26805555555555555 0.011458333333333333 0.015740740740740743
1 0.3645833333333333 0.27592592592592596 0.010416666666666666 0.014814814814814815
1 0.30442708333333335 0.32916666666666666 0.009895833333333333 0.01388888888888889
1 0.47942708333333334 0.3092592592592593 0.008854166666666666 0.014814814814814815
1 0.43203125 0.3037037037037037 0.011979166666666666 0.014814814814814815
1 0.39609375 0.33796296296296297 0.009895833333333333 0.014814814814814815
1 0.37135416666666665 0.3666666666666667 0.010416666666666666 0.016666666666666666
1 0.328125 0.38472222222222224 0.011458333333333333 0.015740740740740743
1 0.3625 0.44537037037037036 0.010416666666666666 0.016666666666666666
1 0.3546875 0.5041666666666667 0.011458333333333333 0.017592592592592594
1 0.39557291666666666 0.46342592592592596 0.0109375 0.019444444444444445
1 0.39088541666666665 0.48888888888888893 0.011979166666666666 0.022222222222222223
1 0.3768229166666667 0.5055555555555555 0.013020833333333334 0.020370370370370372
1 0.43124999999999997 0.3439814814814815 0.008333333333333333 0.015740740740740743
1 0.45677083333333335 0.33425925925925926 0.009375 0.012962962962962964
1 0.47630208333333335 0.35000000000000003 0.008854166666666666 0.016666666666666666
1 0.4536458333333333 0.3662037037037037 0.008333333333333333 0.01388888888888889
1 0.4440104166666667 0.3902777777777778 0.0067708333333333336 0.012037037037037037
1 0.4393229166666667 0.4703703703703704 0.0067708333333333336 0.014814814814814815
1 0.5104166666666666 0.3944444444444445 0.008333333333333333 0.016666666666666666
1 0.5354166666666667 0.3990740740740741 0.007291666666666667 0.011111111111111112
1 0.5236979166666667 0.4518518518518519 0.008854166666666666 0.012962962962962964
1 0.5395833333333333 0.4712962962962963 0.007291666666666667 0.016666666666666666
1 0.5486979166666667 0.5046296296296297 0.0078125 0.016666666666666666
1 0.5408854166666667 0.5157407407407407 0.011979166666666666 0.012962962962962964
1 0.5424479166666667 0.5319444444444444 0.0067708333333333336 0.015740740740740743
1 0.45625 0.5185185185185185 0.008333333333333333 0.016666666666666666
1 0.45338541666666665 0.5282407407407408 0.0078125 0.017592592592592594
1 0.4395833333333333 0.562962962962963 0.0125 0.016666666666666666
1 0.4122395833333333 0.5731481481481482 0.0109375 0.016666666666666666
1 0.48776041666666664 0.5430555555555556 0.009895833333333333 0.017592592592592594
1 0.4901041666666667 0.6064814814814815 0.009375 0.016666666666666666
1 0.6408854166666667 0.5476851851851852 0.009895833333333333 0.01388888888888889
1 0.28984375 0.662962962962963 0.008854166666666666 0.016666666666666666
1 0.37890625 0.6986111111111112 0.008854166666666666 0.019444444444444445
1 0.4479166666666667 0.7291666666666667 0.010416666666666666 0.021296296296296296
1 0.30390625 0.2064814814814815 0.009895833333333333 0.012962962962962964
1 0.4674479166666667 0.8375 0.0067708333333333336 0.012037037037037037
1 0.4921875 0.826388888888889 0.007291666666666667 0.012037037037037037
0 0.45598958333333334 0.40324074074074073 0.5588541666666667 0.8009259259259259
2 0.4578125 0.4134259259259259 0.0020833333333333333 0.002777777777777778
3 0.4591145833333333 0.42453703703703705 0.11302083333333333 0.1787037037037037
