1 0.36875 0.28564814814814815 0.009375 0.012037037037037037
1 0.41510416666666666 0.2675925925925926 0.013541666666666667 0.014814814814814815
1 0.40078125 0.3541666666666667 0.013020833333333334 0.01388888888888889
1 0.5565104166666667 0.4175925925925926 0.013020833333333334 0.016666666666666666
1 0.5088541666666666 0.4486111111111111 0.011458333333333333 0.015740740740740743
1 0.53125 0.47824074074074074 0.011458333333333333 0.017592592592592594
1 0.5143229166666666 0.4967592592592593 0.0109375 0.017592592592592594
1 0.5471354166666667 0.512962962962963 0.009895833333333333 0.016666666666666666
1 0.5044270833333333 0.5453703703703704 0.0109375 0.016666666666666666
1 0.4044270833333333 0.6796296296296297 0.0109375 0.014814814814814815
1 0.5182291666666666 0.6902777777777778 0.0125 0.019444444444444445
1 0.4354166666666667 0.8574074074074074 0.010416666666666666 0.014814814814814815
1 0.19505208333333332 0.7703703703703704 0.008854166666666666 0.016666666666666666
1 0.4700520833333333 0.2439814814814815 0.013020833333333334 0.019444444444444445
1 0.45729166666666665 0.2564814814814815 0.014583333333333334 0.020370370370370372
1 0.37421875 0.5615740740740741 0.0109375 0.019444444444444445
1 0.42213541666666665 0.4791666666666667 0.009895833333333333 0.017592592592592594
1 0.17526041666666667 0.8944444444444445 0.009895833333333333 0.018518518518518517
0 0.44114583333333335 0.48055555555555557 0.53125 0.875925925925926
2 0.43072916666666666 0.5370370370370371 0.005208333333333333 0.001851851851851852
3 0.43124999999999997 0.5361111111111111 0.10625 0.18333333333333335
