1 0.43385416666666665 0.006481481481481482 0.010416666666666666 0.011111111111111112
1 0.48046875 0.08750000000000001 0.008854166666666666 0.017592592592592594
1 0.37916666666666665 0.10185185185185186 0.011458333333333333 0.012962962962962964
1 0.4380208333333333 0.11851851851851852 0.009375 0.016666666666666666
1 0.4075520833333333 0.1685185185185185 0.008854166666666666 0.012962962962962964
1 0.43515624999999997 0.16944444444444445 0.008854166666666666 0.014814814814814815
1 0.4888020833333333 0.17407407407407408 0.008854166666666666 0.016666666666666666
1 0.55 0.22361111111111112 0.009375 0.01388888888888889
1 0.43124999999999997 0.1865740740740741 0.009375 0.015740740740740743
1 0.4067708333333333 0.20416666666666666 0.011458333333333333 0.015740740740740743
1 0.3984375 0.21481481481481482 0.008333333333333333 0.012962962962962964
1 0.33567708333333335 0.26944444444444443 0.009895833333333333 0.014814814814814815
1 0.3645833333333333 0.27546296296296297 0.010416666666666666 0.012037037037037037
1 0.44895833333333335 0.23194444444444445 0.0125 0.015740740740740743
1 0.44921875 0.2439814814814815 0.008854166666666666 0.015740740740740743
1 0.49583333333333335 0.26666666666666666 0.009375 0.016666666666666666
1 0.4200520833333333 0.26157407407407407 0.008854166666666666 0.01388888888888889
1 0.45598958333333334 0.26805555555555555 0.009895833333333333 0.01388888888888889
1 0.29296875 0.2662037037037037 0.008854166666666666 0.019444444444444445
1 0.31171875 0.27175925925925926 0.0109375 0.017592592592592594
1 0.30494791666666665 0.32916666666666666 0.009895833333333333 0.01388888888888889
1 0.3294270833333333 0.3851851851851852 0.0109375 0.018518518518518517
1 0.43124999999999997 0.3041666666666667 0.010416666666666666 0.015740740740740743
1 0.47994791666666664 0.3101851851851852 0.011979166666666666 0.016666666666666666
1 0.5455729166666666 0.3375 0.009895833333333333 0.01388888888888889
1 0.5947916666666666 0.27824074074074073 0.010416666666666666 0.017592592592592594
1 0.3958333333333333 0.33935185185185185 0.010416666666666666 0.015740740740740743
1 0.37135416666666665 0.3699074074074074 0.010416666666666666 0.015740740740740743
1 0.36171875 0.4462962962962963 0.0109375 0.020370370370370372
1 0.3536458333333333 0.5074074074074074 0.0125 0.016666666666666666
1 0.3911458333333333 0.49259259259259264 0.011458333333333333 0.020370370370370372
1 0.37604166666666666 0.5078703703703704 0.011458333333333333 0.015740740740740743
1 0.45729166666666665 0.33564814814814814 0.010416666666666666 0.012037037037037037
1 0.43124999999999997 0.3458333333333333 0.008333333333333333 0.010185185185185186
1 0.45390625 0.3680555555555556 0.0067708333333333336 0.010185185185185186
1 0.4765625 0.3527777777777778 0.010416666666666666 0.014814814814814815
1 0.4440104166666667 0.39490740740740743 0.0078125 0.012037037037037037
1 0.5109375 0.3990740740740741 0.008333333333333333 0.011111111111111112
1 0.5354166666666667 0.4041666666666667 0.009375 0.012037037037037037
1 0.5231770833333333 0.4564814814814815 0.0078125 0.018518518518518517
1 0.5393229166666667 0.4763888888888889 0.009895833333333333 0.01388888888888889
1 0.6408854166666667 0.5532407407407408 0.013020833333333334 0.019444444444444445
1 0.5486979166666667 0.5120370370370371 0.009895833333333333 0.018518518518518517
1 0.540625 0.5212962962962964 0.010416666666666666 0.018518518518518517
1 0.45234375 0.5310185185185186 0.009895833333333333 0.017592592592592594
1 0.48723958333333334 0.5481481481481482 0.0109375 0.018518518518518517
1 0.4395833333333333 0.5666666666666667 0.010416666666666666 0.018518518518518517
1 0.4119791666666667 0.5768518518518518 0.011458333333333333 0.018518518518518517
1 0.4901041666666667 0.6129629629629629 0.010416666666666666 0.020370370370370372
1 0.28854166666666664 0.6643518518518519 0.010416666666666666 0.015740740740740743
1 0.37786458333333334 0.7027777777777778 0.008854166666666666 0.016666666666666666
1 0.4479166666666667 0.7347222222222223 0.010416666666666666 0.015740740740740743
1 0.3033854166666667 0.2064814814814815 0.009895833333333333 0.016666666666666666
1 0.46588541666666666 0.8435185185185186 0.0078125 0.012962962962962964
1 0.490625 0.8319444444444445 0.009375 0.012037037037037037
0 0.4557291666666667 0.4083333333333333 0.5552083333333333 0.8111111111111111
2 0.45625 0.4185185185185185 0.003125 0.007407407407407408
3 0.45729166666666665 0.42083333333333334 0.1125 0.18796296296296297
