1 0.43203125 0.012037037037037037 0.0078125 0.009259259259259259
1 0.4791666666666667 0.09398148148148149 0.00625 0.01388888888888889
1 0.37786458333333334 0.11296296296296297 0.011979166666666666 0.011111111111111112
1 0.4359375 0.12685185185185185 0.010416666666666666 0.012962962962962964
1 0.40598958333333335 0.17962962962962964 0.0078125 0.012962962962962964
1 0.43359375 0.1800925925925926 0.008854166666666666 0.012037037037037037
1 0.4302083333333333 0.1953703703703704 0.009375 0.014814814814814815
1 0.4869791666666667 0.18287037037037038 0.009375 0.015740740740740743
1 0.5479166666666666 0.23194444444444445 0.009375 0.01388888888888889
1 0.5934895833333333 0.28611111111111115 0.011979166666666666 0.014814814814814815
1 0.40598958333333335 0.2175925925925926 0.008854166666666666 0.012962962962962964
1 0.39609375 0.22777777777777777 0.009895833333333333 0.014814814814814815
1 0.4153645833333333 0.27592592592592596 0.011979166666666666 0.018518518518518517
1 0.4466145833333333 0.24537037037037038 0.011979166666666666 0.014814814814814815
1 0.44817708333333334 0.25601851851851853 0.0109375 0.01388888888888889
1 0.45390625 0.28055555555555556 0.0109375 0.020370370370370372
1 0.4927083333333333 0.27685185185185185 0.010416666666666666 0.016666666666666666
1 0.47812499999999997 0.3236111111111111 0.008333333333333333 0.015740740740740743
1 0.4302083333333333 0.32037037037037036 0.011458333333333333 0.014814814814814815
1 0.42916666666666664 0.3625 0.009375 0.01388888888888889
1 0.4549479166666667 0.35000000000000003 0.008854166666666666 0.012962962962962964
1 0.47421874999999997 0.3662037037037037 0.011979166666666666 0.019444444444444445
1 0.5083333333333333 0.41435185185185186 0.008333333333333333 0.01388888888888889
1 0.54296875 0.34814814814814815 0.008854166666666666 0.014814814814814815
1 0.5338541666666666 0.41712962962962963 0.011458333333333333 0.015740740740740743
1 0.5200520833333333 0.475462962962963 0.0109375 0.015740740740740743
1 0.5361979166666666 0.49722222222222223 0.008854166666666666 0.016666666666666666
1 0.39348958333333334 0.3564814814814815 0.0109375 0.016666666666666666
1 0.4322916666666667 0.4013888888888889 0.008333333333333333 0.01388888888888889
1 0.45078124999999997 0.38472222222222224 0.008854166666666666 0.01388888888888889
1 0.44166666666666665 0.4138888888888889 0.009375 0.014814814814814815
1 0.36302083333333335 0.2916666666666667 0.011458333333333333 0.016666666666666666
1 0.3338541666666667 0.2865740740740741 0.011458333333333333 0.01388888888888889
1 0.30963541666666666 0.2888888888888889 0.0109375 0.016666666666666666
1 0.3033854166666667 0.3509259259259259 0.009895833333333333 0.012962962962962964
1 0.32708333333333334 0.40925925925925927 0.011458333333333333 0.016666666666666666
1 0.36796875 0.3888888888888889 0.011979166666666666 0.016666666666666666
1 0.38828125 0.3944444444444445 0.0109375 0.018518518518518517
1 0.43515624999999997 0.49444444444444446 0.0109375 0.016666666666666666
1 0.35859375 0.46851851851851856 0.009895833333333333 0.014814814814814815
1 0.3919270833333333 0.48888888888888893 0.0109375 0.018518518518518517
1 0.3893229166666667 0.5148148148148148 0.011979166666666666 0.018518518518518517
1 0.37395833333333334 0.5305555555555556 0.010416666666666666 0.018518518518518517
1 0.35182291666666665 0.5296296296296297 0.009895833333333333 0.018518518518518517
1 0.453125 0.5462962962962963 0.009375 0.016666666666666666
1 0.44765625 0.5555555555555556 0.009895833333333333 0.012962962962962964
1 0.4354166666666667 0.587962962962963 0.009375 0.016666666666666666
1 0.4825520833333333 0.5722222222222223 0.0109375 0.014814814814814815
1 0.54453125 0.5324074074074074 0.009895833333333333 0.016666666666666666
1 0.5369791666666667 0.5435185185185185 0.0125 0.016666666666666666
1 0.5375 0.5601851851851852 0.011458333333333333 0.018518518518518517
1 0.6359375 0.5694444444444444 0.0125 0.018518518518518517
1 0.40781249999999997 0.5981481481481482 0.011458333333333333 0.016666666666666666
1 0.48463541666666665 0.6375000000000001 0.0109375 0.017592592592592594
1 0.3859375 0.7055555555555556 0.010416666666666666 0.012962962962962964
1 0.3755208333333333 0.7189814814814816 0.010416666666666666 0.015740740740740743
1 0.4434895833333333 0.7546296296296297 0.0109375 0.020370370370370372
1 0.43671875 0.799537037037037 0.0109375 0.017592592592592594
1 0.3341145833333333 0.7796296296296297 0.009895833333333333 0.012962962962962964
1 0.59140625 0.8115740740740741 0.009895833333333333 0.01388888888888889
1 0.2911458333333333 0.2865740740740741 0.010416666666666666 0.019444444444444445
1 0.25885416666666666 0.5504629629629629 0.011458333333333333 0.017592592592592594
1 0.2877604166666667 0.6763888888888889 0.009895833333333333 0.015740740740740743
1 0.23567708333333334 0.8384259259259259 0.008854166666666666 0.017592592592592594
1 0.41484375 0.8300925925925926 0.0078125 0.01388888888888889
1 0.4622395833333333 0.8606481481481482 0.008854166666666666 0.01388888888888889
1 0.4869791666666667 0.850925925925926 0.010416666666666666 0.014814814814814815
1 0.30234375 0.22268518518518518 0.008854166666666666 0.01388888888888889
1 0.2755208333333333 0.24861111111111112 0.009375 0.015740740740740743
0 0.4536458333333333 0.42453703703703705 0.5520833333333334 0.8398148148148148
2 0.45390625 0.4430555555555556 0.0036458333333333334 0.008333333333333333
3 0.45468749999999997 0.4393518518518519 0.11354166666666667 0.18796296296296297
