1 0.521354 0.683796 0.009375 0.0157407
1 0.50599 0.541204 0.00885417 0.0157407
1 0.40625 0.672685 0.009375 0.0157407
1 0.436719 0.849074 0.00885417 0.0166667
3 0.434375 0.532407 0.108333 0.181481
0 0.440885 0.495833 0.533854 0.912037
左上点的坐标为：(992,730)，右下点的坐标为(1010,747)
中心点的坐标为：(1001.0,738.5)
左上点的坐标为：(963,576)，右下点的坐标为(980,593)
中心点的坐标为：(971.5,584.5)
左上点的坐标为：(771,718)，右下点的坐标为(789,735)
中心点的坐标为：(780.0,726.5)
左上点的坐标为：(830,908)，右下点的坐标为(847,926)
中心点的坐标为：(838.5,917.0)
左上点的坐标为：(730,477)，右下点的坐标为(938,673)
中心点的坐标为：(834.0,575.0)
左上点的坐标为：(334,43)，右下点的坐标为(1359,1028)
中心点的坐标为：(846.5,535.5)
