1 0.37265625 0.04212962962962963 0.011979166666666666 0.015740740740740743
1 0.42265625 0.06898148148148149 0.011979166666666666 0.019444444444444445
1 0.40625 0.13194444444444445 0.009375 0.021296296296296296
1 0.44869791666666664 0.09166666666666667 0.009895833333333333 0.018518518518518517
1 0.4966145833333333 0.10972222222222222 0.0078125 0.017592592592592594
1 0.5138020833333333 0.11805555555555557 0.0078125 0.017592592592592594
1 0.4518229166666667 0.15046296296296297 0.0078125 0.017592592592592594
1 0.4421875 0.16342592592592592 0.010416666666666666 0.01388888888888889
1 0.38229166666666664 0.24305555555555555 0.009375 0.015740740740740743
1 0.44244791666666666 0.22175925925925927 0.0078125 0.017592592592592594
1 0.4388020833333333 0.25925925925925924 0.011979166666666666 0.016666666666666666
1 0.48359375 0.18611111111111112 0.009895833333333333 0.018518518518518517
1 0.528125 0.20185185185185187 0.010416666666666666 0.012962962962962964
1 0.47734375 0.2523148148148148 0.008854166666666666 0.015740740740740743
1 0.38828125 0.3416666666666667 0.011979166666666666 0.016666666666666666
1 0.4200520833333333 0.34675925925925927 0.0078125 0.012037037037037037
1 0.4822916666666667 0.2851851851851852 0.008333333333333333 0.018518518518518517
1 0.49505208333333334 0.2712962962962963 0.009895833333333333 0.016666666666666666
1 0.5234375 0.2564814814814815 0.010416666666666666 0.016666666666666666
1 0.49296875 0.30462962962962964 0.0067708333333333336 0.016666666666666666
1 0.496875 0.3462962962962963 0.009375 0.014814814814814815
1 0.47682291666666665 0.35370370370370374 0.0067708333333333336 0.014814814814814815
1 0.46197916666666666 0.38796296296296295 0.008333333333333333 0.014814814814814815
1 0.28880208333333335 0.5069444444444444 0.009895833333333333 0.015740740740740743
1 0.4049479166666667 0.4791666666666667 0.009895833333333333 0.012037037037037037
1 0.4005208333333333 0.5717592592592593 0.007291666666666667 0.015740740740740743
1 0.5729166666666666 0.4375 0.007291666666666667 0.017592592592592594
1 0.5942708333333333 0.3578703703703704 0.007291666666666667 0.015740740740740743
1 0.6091145833333333 0.3856481481481482 0.0078125 0.021296296296296296
1 0.6190104166666667 0.3787037037037037 0.0078125 0.016666666666666666
1 0.6497395833333334 0.41481481481481486 0.008854166666666666 0.020370370370370372
0 0.45338541666666665 0.33611111111111114 0.42864583333333334 0.6592592592592593
2 0.4401041666666667 0.337037037037037 0.0010416666666666667 0.001851851851851852
3 0.44166666666666665 0.33935185185185185 0.08541666666666667 0.1398148148148148
