1 0.5403645833333334 0.052314814814814814 0.015104166666666667 0.019444444444444445
1 0.5067708333333333 0.16203703703703703 0.008333333333333333 0.014814814814814815
1 0.5166666666666666 0.2689814814814815 0.009375 0.021296296296296296
1 0.38645833333333335 0.46481481481481485 0.010416666666666666 0.020370370370370372
1 0.48854166666666665 0.4 0.0125 0.018518518518518517
1 0.49192708333333335 0.4902777777777778 0.008854166666666666 0.015740740740740743
1 0.49921875 0.47453703703703703 0.0067708333333333336 0.017592592592592594
1 0.5065104166666666 0.4703703703703704 0.0067708333333333336 0.022222222222222223
1 0.5205729166666666 0.4476851851851852 0.008854166666666666 0.019444444444444445
1 0.52734375 0.42314814814814816 0.008854166666666666 0.022222222222222223
1 0.5361979166666666 0.41111111111111115 0.0078125 0.018518518518518517
1 0.54453125 0.4078703703703704 0.008854166666666666 0.017592592592592594
1 0.5567708333333333 0.4222222222222222 0.008333333333333333 0.016666666666666666
1 0.5700520833333333 0.4365740740740741 0.0109375 0.021296296296296296
1 0.57890625 0.4189814814814815 0.009895833333333333 0.019444444444444445
1 0.6341145833333334 0.41481481481481486 0.008854166666666666 0.018518518518518517
1 0.65234375 0.4291666666666667 0.009895833333333333 0.017592592592592594
1 0.5208333333333334 0.5037037037037038 0.011458333333333333 0.024074074074074074
1 0.5638020833333334 0.5018518518518519 0.013020833333333334 0.018518518518518517
1 0.5869791666666666 0.5282407407407408 0.011458333333333333 0.019444444444444445
1 0.6234375 0.5199074074074074 0.008333333333333333 0.015740740740740743
1 0.6299479166666666 0.5310185185185186 0.008854166666666666 0.015740740740740743
1 0.6947916666666667 0.5356481481481482 0.0125 0.02314814814814815
1 0.4825520833333333 0.5736111111111112 0.009895833333333333 0.017592592592592594
1 0.5020833333333333 0.5893518518518519 0.011458333333333333 0.019444444444444445
1 0.5677083333333334 0.5587962962962963 0.011458333333333333 0.017592592592592594
1 0.5880208333333333 0.5569444444444445 0.011458333333333333 0.021296296296296296
1 0.6205729166666667 0.5893518518518519 0.009895833333333333 0.019444444444444445
1 0.5763020833333333 0.5944444444444444 0.009895833333333333 0.018518518518518517
1 0.5333333333333333 0.6189814814814815 0.008333333333333333 0.017592592592592594
1 0.5580729166666667 0.6300925925925926 0.0078125 0.015740740740740743
1 0.5651041666666666 0.6171296296296297 0.008333333333333333 0.019444444444444445
1 0.4953125 0.6888888888888889 0.009375 0.022222222222222223
1 0.49374999999999997 0.7189814814814816 0.0125 0.019444444444444445
1 0.603125 0.6689814814814815 0.009375 0.015740740740740743
1 0.5526041666666667 0.7416666666666667 0.010416666666666666 0.016666666666666666
1 0.58828125 0.7657407407407407 0.008854166666666666 0.018518518518518517
0 0.4752604166666667 0.425 0.5317708333333333 0.8444444444444444
2 0.4739583333333333 0.4842592592592593 0.007291666666666667 0.001851851851851852
3 0.47604166666666664 0.48240740740740745 0.1125 0.17962962962962964
