1 0.5828125 0.10416666666666667 0.011458333333333333 0.012037037037037037
1 0.5322916666666666 0.16805555555555557 0.009375 0.017592592592592594
1 0.5971354166666667 0.1486111111111111 0.011979166666666666 0.015740740740740743
1 0.596875 0.22037037037037038 0.008333333333333333 0.022222222222222223
1 0.6763020833333333 0.5074074074074074 0.0109375 0.020370370370370372
1 0.7205729166666667 0.8893518518518518 0.008854166666666666 0.02314814814814815
1 0.4067708333333333 0.027314814814814816 0.011458333333333333 0.012037037037037037
0 0.4700520833333333 0.46944444444444444 0.6036458333333333 0.9333333333333333
2 0.4692708333333333 0.5194444444444445 0.0010416666666666667 0.007407407407407408
3 0.471875 0.5143518518518518 0.13229166666666667 0.20092592592592592
