1 0.5208333333333334 0.4527777777777778 0.010416666666666666 0.012962962962962964
1 0.49947916666666664 0.47962962962962963 0.007291666666666667 0.018518518518518517
1 0.5192708333333333 0.5046296296296297 0.008333333333333333 0.016666666666666666
1 0.578125 0.42638888888888893 0.008333333333333333 0.01388888888888889
1 0.6338541666666666 0.4203703703703704 0.008333333333333333 0.012962962962962964
1 0.653125 0.4351851851851852 0.008333333333333333 0.012962962962962964
1 0.5864583333333333 0.5337962962962963 0.010416666666666666 0.017592592592592594
1 0.5666666666666667 0.5625 0.009375 0.015740740740740743
1 0.5338541666666666 0.6236111111111111 0.010416666666666666 0.017592592592592594
1 0.49453125 0.6916666666666667 0.009895833333333333 0.016666666666666666
1 0.55859375 0.6337962962962963 0.008854166666666666 0.015740740740740743
1 0.5640625 0.6226851851851852 0.009375 0.019444444444444445
1 0.5755208333333334 0.5972222222222222 0.008333333333333333 0.016666666666666666
1 0.6244791666666667 0.524537037037037 0.008333333333333333 0.015740740740740743
1 0.62890625 0.538425925925926 0.013020833333333334 0.017592592592592594
1 0.6197916666666666 0.5944444444444444 0.009375 0.014814814814814815
1 0.6028645833333334 0.6736111111111112 0.009895833333333333 0.017592592592592594
1 0.5885416666666666 0.7694444444444445 0.007291666666666667 0.018518518518518517
1 0.6940104166666666 0.5398148148148149 0.008854166666666666 0.016666666666666666
0 0.47604166666666664 0.43472222222222223 0.5322916666666666 0.8416666666666667
2 0.4744791666666667 0.48888888888888893 0.00625 0.003703703703703704
3 0.4747395833333333 0.48750000000000004 0.10781249999999999 0.17314814814814816
