1 0.5408854166666667 0.06296296296296297 0.0109375 0.024074074074074074
1 0.5072916666666667 0.1675925925925926 0.010416666666666666 0.020370370370370372
1 0.51640625 0.27314814814814814 0.009895833333333333 0.016666666666666666
1 0.5283854166666666 0.287962962962963 0.0109375 0.018518518518518517
1 0.565625 0.29120370370370374 0.007291666666666667 0.019444444444444445
1 0.578125 0.3138888888888889 0.011458333333333333 0.018518518518518517
1 0.540625 0.33240740740740743 0.011458333333333333 0.018518518518518517
1 0.61171875 0.3523148148148148 0.011979166666666666 0.019444444444444445
1 0.4828125 0.3712962962962963 0.013541666666666667 0.018518518518518517
1 0.4895833333333333 0.40231481481481485 0.0125 0.02314814814814815
1 0.5518229166666666 0.3893518518518519 0.0078125 0.015740740740740743
1 0.5846354166666666 0.39861111111111114 0.0109375 0.017592592592592594
1 0.53046875 0.41574074074074074 0.008854166666666666 0.014814814814814815
1 0.5278645833333333 0.4273148148148148 0.008854166666666666 0.021296296296296296
1 0.5385416666666667 0.41250000000000003 0.00625 0.019444444444444445
1 0.5453125 0.41064814814814815 0.007291666666666667 0.012037037037037037
1 0.5588541666666667 0.42685185185185187 0.007291666666666667 0.014814814814814815
1 0.5705729166666667 0.4393518518518519 0.0078125 0.021296296296296296
1 0.5794270833333334 0.4222222222222222 0.011979166666666666 0.014814814814814815
1 0.6348958333333333 0.41805555555555557 0.009375 0.019444444444444445
1 0.65234375 0.43333333333333335 0.009895833333333333 0.018518518518518517
1 0.3888020833333333 0.46435185185185185 0.013020833333333334 0.019444444444444445
1 0.5072916666666667 0.4527777777777778 0.011458333333333333 0.014814814814814815
1 0.5229166666666667 0.44907407407407407 0.009375 0.011111111111111112
1 0.45989583333333334 0.5143518518518518 0.010416666666666666 0.01388888888888889
1 0.4786458333333333 0.47453703703703703 0.008333333333333333 0.012037037037037037
1 0.47942708333333334 0.48750000000000004 0.008854166666666666 0.01388888888888889
1 0.49296875 0.4930555555555556 0.0078125 0.015740740740740743
1 0.5002604166666667 0.47453703703703703 0.0078125 0.019444444444444445
1 0.5088541666666666 0.47314814814814815 0.00625 0.016666666666666666
1 0.5213541666666667 0.5027777777777778 0.00625 0.014814814814814815
1 0.5484375 0.5027777777777778 0.008333333333333333 0.016666666666666666
1 0.5653645833333333 0.4814814814814815 0.011979166666666666 0.014814814814814815
1 0.56328125 0.5046296296296297 0.008854166666666666 0.016666666666666666
1 0.5908854166666666 0.4981481481481482 0.008854166666666666 0.020370370370370372
1 0.3807291666666667 0.5569444444444445 0.010416666666666666 0.01388888888888889
1 0.46510416666666665 0.6069444444444445 0.011458333333333333 0.019444444444444445
1 0.48333333333333334 0.5768518518518518 0.010416666666666666 0.020370370370370372
1 0.503125 0.5907407407407408 0.009375 0.020370370370370372
1 0.5677083333333334 0.5597222222222222 0.010416666666666666 0.017592592592592594
1 0.58828125 0.5310185185185186 0.011979166666666666 0.019444444444444445
1 0.5885416666666666 0.5606481481481481 0.010416666666666666 0.021296296296296296
1 0.6247395833333333 0.5208333333333334 0.008854166666666666 0.017592592592592594
1 0.63046875 0.5337962962962963 0.0109375 0.021296296296296296
1 0.653125 0.5185185185185185 0.008333333333333333 0.022222222222222223
1 0.6963541666666666 0.538425925925926 0.0125 0.026851851851851852
1 0.5359375 0.6212962962962963 0.008333333333333333 0.020370370370370372
1 0.5765625 0.5916666666666667 0.009375 0.022222222222222223
1 0.5661458333333333 0.6194444444444445 0.008333333333333333 0.014814814814814815
1 0.56015625 0.6305555555555555 0.008854166666666666 0.014814814814814815
1 0.5684895833333333 0.6439814814814815 0.011979166666666666 0.015740740740740743
1 0.6216145833333333 0.5884259259259259 0.0109375 0.017592592592592594
1 0.6052083333333333 0.6703703703703704 0.010416666666666666 0.018518518518518517
1 0.49609375 0.6898148148148149 0.013020833333333334 0.020370370370370372
1 0.4953125 0.7194444444444444 0.011458333333333333 0.024074074074074074
1 0.5526041666666667 0.7421296296296297 0.0125 0.021296296296296296
1 0.5890625 0.7680555555555556 0.014583333333333334 0.017592592592592594
1 0.35572916666666665 0.7791666666666667 0.009375 0.015740740740740743
0 0.4765625 0.42314814814814816 0.525 0.8407407407407408
2 0.47812499999999997 0.487962962962963 0.005208333333333333 0.005555555555555556
3 0.47630208333333335 0.48055555555555557 0.1109375 0.18333333333333335
