1 0.42291666666666666 0.037037037037037035 0.009375 0.012962962962962964
1 0.5385416666666667 0.10138888888888889 0.007291666666666667 0.01388888888888889
1 0.5572916666666666 0.1125 0.004166666666666667 0.01388888888888889
1 0.52734375 0.17592592592592593 0.005729166666666666 0.016666666666666666
1 0.4276041666666667 0.23472222222222222 0.007291666666666667 0.015740740740740743
1 0.48515625 0.2125 0.005729166666666666 0.012037037037037037
1 0.5184895833333333 0.23981481481481481 0.0078125 0.014814814814814815
1 0.43072916666666666 0.32731481481481484 0.007291666666666667 0.015740740740740743
1 0.4622395833333333 0.33472222222222225 0.0067708333333333336 0.012037037037037037
1 0.5153645833333333 0.3375 0.005729166666666666 0.015740740740740743
1 0.5328125 0.29120370370370374 0.011458333333333333 0.015740740740740743
1 0.33098958333333334 0.48333333333333334 0.011979166666666666 0.012962962962962964
1 0.4440104166666667 0.45925925925925926 0.0067708333333333336 0.014814814814814815
1 0.4375 0.55 0.009375 0.014814814814814815
1 0.6065104166666666 0.41805555555555557 0.008854166666666666 0.015740740740740743
1 0.6442708333333333 0.3717592592592593 0.009375 0.019444444444444445
0 0.4921875 0.3236111111111111 0.4114583333333333 0.6268518518518519
2 0.48359375 0.32407407407407407 0.0036458333333333334 0.005555555555555556
3 0.48203124999999997 0.3226851851851852 0.07864583333333333 0.13611111111111113
