1 0.5059895833333333 0.16574074074074074 0.009895833333333333 0.016666666666666666
1 0.5166666666666666 0.27222222222222225 0.008333333333333333 0.014814814814814815
1 0.5294270833333333 0.287962962962963 0.0078125 0.022222222222222223
1 0.56640625 0.2902777777777778 0.0067708333333333336 0.01388888888888889
1 0.57890625 0.31203703703703706 0.008854166666666666 0.018518518518518517
1 0.5421875 0.33240740740740743 0.0125 0.018518518518518517
1 0.4822916666666667 0.3699074074074074 0.011458333333333333 0.015740740740740743
1 0.4901041666666667 0.40370370370370373 0.009375 0.012962962962962964
1 0.3875 0.46481481481481485 0.0125 0.018518518518518517
1 0.38203125 0.5592592592592592 0.011979166666666666 0.014814814814814815
1 0.46015625 0.513888888888889 0.009895833333333333 0.016666666666666666
1 0.47760416666666666 0.47222222222222227 0.009375 0.018518518518518517
1 0.48046875 0.48935185185185187 0.008854166666666666 0.015740740740740743
1 0.55234375 0.3893518518518519 0.0078125 0.015740740740740743
1 0.58515625 0.3990740740740741 0.0109375 0.012962962962962964
1 0.5807291666666666 0.425 0.008333333333333333 0.016666666666666666
1 0.5713541666666666 0.43703703703703706 0.008333333333333333 0.016666666666666666
1 0.559375 0.4273148148148148 0.009375 0.015740740740740743
1 0.6356770833333333 0.41944444444444445 0.008854166666666666 0.014814814814814815
1 0.6546875 0.4328703703703704 0.008333333333333333 0.01388888888888889
1 0.5453125 0.41481481481481486 0.007291666666666667 0.020370370370370372
1 0.5393229166666667 0.41481481481481486 0.0067708333333333336 0.018518518518518517
1 0.5236979166666667 0.44953703703703707 0.008854166666666666 0.015740740740740743
1 0.5078125 0.45231481481481484 0.011458333333333333 0.012037037037037037
1 0.5096354166666667 0.47314814814814815 0.009895833333333333 0.016666666666666666
1 0.5013020833333334 0.47453703703703703 0.008854166666666666 0.02314814814814815
1 0.4942708333333333 0.4916666666666667 0.0125 0.016666666666666666
1 0.5216145833333333 0.5013888888888889 0.0078125 0.017592592592592594
1 0.54765625 0.500462962962963 0.0067708333333333336 0.015740740740740743
1 0.565625 0.48194444444444445 0.010416666666666666 0.015740740740740743
1 0.56484375 0.5046296296296297 0.0078125 0.016666666666666666
1 0.5924479166666666 0.4962962962962963 0.008854166666666666 0.012962962962962964
1 0.63125 0.46574074074074073 0.008333333333333333 0.016666666666666666
1 0.6533854166666666 0.5180555555555556 0.013020833333333334 0.017592592592592594
1 0.6955729166666667 0.5375 0.0109375 0.015740740740740743
1 0.6255208333333333 0.5226851851851853 0.008333333333333333 0.01388888888888889
1 0.6317708333333333 0.5347222222222222 0.008333333333333333 0.017592592592592594
1 0.5890625 0.5291666666666667 0.013541666666666667 0.017592592592592594
1 0.5690104166666666 0.5592592592592592 0.008854166666666666 0.016666666666666666
1 0.5890625 0.5587962962962963 0.010416666666666666 0.021296296296296296
1 0.621875 0.5888888888888889 0.010416666666666666 0.016666666666666666
1 0.5765625 0.5930555555555556 0.009375 0.015740740740740743
1 0.48515625 0.5736111111111112 0.008854166666666666 0.015740740740740743
1 0.5046875 0.5888888888888889 0.0125 0.016666666666666666
1 0.46484375 0.6050925925925926 0.0078125 0.01388888888888889
1 0.5341145833333333 0.6185185185185186 0.008854166666666666 0.014814814814814815
1 0.5661458333333333 0.6185185185185186 0.009375 0.014814814814814815
1 0.5596354166666666 0.6282407407407408 0.0078125 0.015740740740740743
1 0.5703125 0.6425925925925926 0.009375 0.016666666666666666
1 0.6036458333333333 0.6712962962962963 0.008333333333333333 0.018518518518518517
1 0.4953125 0.688425925925926 0.008333333333333333 0.017592592592592594
1 0.4942708333333333 0.7203703703703704 0.007291666666666667 0.020370370370370372
1 0.50390625 0.7175925925925927 0.0078125 0.022222222222222223
1 0.55234375 0.7416666666666667 0.011979166666666666 0.018518518518518517
1 0.5903645833333333 0.7671296296296296 0.013020833333333334 0.019444444444444445
1 0.3575520833333333 0.7814814814814816 0.0109375 0.022222222222222223
1 0.53125 0.4138888888888889 0.008333333333333333 0.016666666666666666
1 0.5278645833333333 0.42314814814814816 0.0078125 0.016666666666666666
1 0.6125 0.3523148148148148 0.008333333333333333 0.015740740740740743
1 0.540625 0.06018518518518519 0.009375 0.012962962962962964
0 0.47760416666666666 0.4222222222222222 0.525 0.8351851851851853
2 0.4791666666666667 0.4847222222222222 0.0010416666666666667 0.008333333333333333
3 0.4765625 0.4828703703703704 0.11145833333333333 0.17500000000000002
