1 0.5075520833333333 0.16342592592592592 0.013020833333333334 0.019444444444444445
1 0.5171875 0.2689814814814815 0.014583333333333334 0.019444444444444445
1 0.3885416666666667 0.46574074074074073 0.014583333333333334 0.022222222222222223
1 0.48984374999999997 0.4013888888888889 0.013020833333333334 0.019444444444444445
1 0.47578125 0.47500000000000003 0.008854166666666666 0.014814814814814815
1 0.4921875 0.4935185185185185 0.010416666666666666 0.016666666666666666
1 0.49921875 0.475462962962963 0.0067708333333333336 0.019444444444444445
1 0.50703125 0.4726851851851852 0.008854166666666666 0.021296296296296296
1 0.5221354166666666 0.4481481481481482 0.009895833333333333 0.016666666666666666
1 0.5203125 0.5023148148148149 0.010416666666666666 0.017592592592592594
1 0.5276041666666667 0.4236111111111111 0.00625 0.017592592592592594
1 0.5375 0.41064814814814815 0.007291666666666667 0.017592592592592594
1 0.5450520833333333 0.4078703703703704 0.009895833333333333 0.017592592592592594
1 0.5572916666666666 0.42314814814814816 0.00625 0.020370370370370372
1 0.5705729166666667 0.43472222222222223 0.0078125 0.015740740740740743
1 0.5802083333333333 0.42083333333333334 0.011458333333333333 0.015740740740740743
1 0.6346354166666667 0.41574074074074074 0.008854166666666666 0.020370370370370372
1 0.6541666666666667 0.4291666666666667 0.007291666666666667 0.021296296296296296
1 0.5638020833333334 0.5032407407407408 0.0109375 0.015740740740740743
1 0.5919270833333333 0.4962962962962963 0.008854166666666666 0.018518518518518517
1 0.5872395833333334 0.5296296296296297 0.008854166666666666 0.016666666666666666
1 0.56796875 0.5587962962962963 0.009895833333333333 0.017592592592592594
1 0.4828125 0.5745370370370371 0.008333333333333333 0.01388888888888889
1 0.5026041666666666 0.5912037037037037 0.010416666666666666 0.017592592592592594
1 0.5338541666666666 0.6203703703703703 0.007291666666666667 0.018518518518518517
1 0.49583333333333335 0.6907407407407408 0.010416666666666666 0.020370370370370372
1 0.4953125 0.7226851851851852 0.011458333333333333 0.015740740740740743
1 0.559375 0.6324074074074074 0.007291666666666667 0.020370370370370372
1 0.56640625 0.6208333333333333 0.0109375 0.015740740740740743
1 0.5778645833333333 0.5944444444444444 0.009895833333333333 0.016666666666666666
1 0.5903645833333333 0.5597222222222222 0.013020833333333334 0.02314814814814815
1 0.62421875 0.5194444444444445 0.0067708333333333336 0.020370370370370372
1 0.6307291666666667 0.5328703703703704 0.008333333333333333 0.017592592592592594
1 0.6955729166666667 0.5324074074074074 0.011979166666666666 0.020370370370370372
1 0.6203125 0.5902777777777778 0.009375 0.015740740740740743
1 0.6044270833333333 0.6694444444444445 0.008854166666666666 0.014814814814814815
1 0.5526041666666667 0.7416666666666667 0.010416666666666666 0.020370370370370372
1 0.5893229166666667 0.7657407407407407 0.0109375 0.020370370370370372
1 0.5403645833333334 0.05555555555555556 0.0078125 0.011111111111111112
2 0.47291666666666665 0.48333333333333334 0.0010416666666666667 0.003703703703703704
0 0.47812499999999997 0.4240740740740741 0.528125 0.8240740740740741
3 0.47630208333333335 0.48842592592592593 0.10885416666666667 0.1787037037037037
