1 0.52421875 0.2763888888888889 0.0109375 0.015740740740740743
1 0.5627604166666667 0.437962962962963 0.013020833333333334 0.016666666666666666
1 0.49244791666666665 0.45787037037037037 0.011979166666666666 0.015740740740740743
1 0.4708333333333333 0.47361111111111115 0.011458333333333333 0.017592592592592594
1 0.37578125 0.5652777777777778 0.008854166666666666 0.015740740740740743
1 0.48723958333333334 0.525 0.009895833333333333 0.014814814814814815
1 0.47760416666666666 0.5648148148148149 0.0125 0.018518518518518517
1 0.5533854166666666 0.5263888888888889 0.011979166666666666 0.019444444444444445
1 0.5046875 0.6546296296296297 0.010416666666666666 0.018518518518518517
1 0.40989583333333335 0.8949074074074075 0.014583333333333334 0.015740740740740743
1 0.44166666666666665 0.9416666666666667 0.011458333333333333 0.018518518518518517
1 0.4341145833333333 0.9643518518518519 0.013020833333333334 0.012037037037037037
1 0.44453125 0.825925925925926 0.013020833333333334 0.012962962962962964
1 0.4609375 0.7652777777777778 0.0125 0.017592592592592594
1 0.4861979166666667 0.7587962962962963 0.011979166666666666 0.015740740740740743
1 0.49140625 0.7416666666666667 0.009895833333333333 0.016666666666666666
1 0.5643229166666667 0.7324074074074074 0.011979166666666666 0.018518518518518517
1 0.5856770833333333 0.7041666666666667 0.0109375 0.015740740740740743
1 0.5950520833333334 0.26481481481481484 0.008854166666666666 0.014814814814814815
0 0.4705729166666667 0.513888888888889 0.5953125 0.9611111111111111
2 0.46510416666666665 0.5444444444444445 0.003125 0.007407407407407408
3 0.46822916666666664 0.5481481481481482 0.12291666666666666 0.18703703703703706
