1 0.5825520833333333 0.10370370370370371 0.008854166666666666 0.014814814814814815
1 0.5328125 0.16620370370370371 0.009375 0.02314814814814815
1 0.5958333333333333 0.14953703703703705 0.010416666666666666 0.021296296296296296
1 0.5955729166666667 0.2189814814814815 0.009895833333333333 0.019444444444444445
1 0.6760416666666667 0.5078703703703704 0.011458333333333333 0.017592592592592594
1 0.7221354166666667 0.8912037037037037 0.0140625 0.019444444444444445
1 0.40651041666666665 0.02314814814814815 0.011979166666666666 0.014814814814814815
0 0.47161458333333334 0.47222222222222227 0.6046875 0.9240740740740742
2 0.4700520833333333 0.5101851851851852 0.0026041666666666665 0.003703703703703704
3 0.471875 0.5162037037037037 0.125 0.19351851851851853
