1 0.5072916666666667 0.16064814814814815 0.010416666666666666 0.015740740740740743
1 0.5169270833333334 0.2689814814814815 0.008854166666666666 0.01388888888888889
1 0.3872395833333333 0.46296296296296297 0.0078125 0.018518518518518517
1 0.48828125 0.4 0.0078125 0.018518518518518517
1 0.47682291666666665 0.4759259259259259 0.0067708333333333336 0.014814814814814815
1 0.4927083333333333 0.49212962962962964 0.008333333333333333 0.01388888888888889
1 0.49947916666666664 0.4759259259259259 0.007291666666666667 0.014814814814814815
1 0.5075520833333333 0.4708333333333333 0.009895833333333333 0.02314814814814815
1 0.5221354166666666 0.44907407407407407 0.0078125 0.022222222222222223
1 0.528125 0.4240740740740741 0.007291666666666667 0.016666666666666666
1 0.5364583333333334 0.41064814814814815 0.00625 0.02314814814814815
1 0.5453125 0.4087962962962963 0.007291666666666667 0.02314814814814815
1 0.5580729166666667 0.4240740740740741 0.008854166666666666 0.016666666666666666
1 0.5705729166666667 0.4342592592592593 0.0067708333333333336 0.014814814814814815
1 0.57890625 0.4189814814814815 0.011979166666666666 0.015740740740740743
1 0.6348958333333333 0.4152777777777778 0.011458333333333333 0.01388888888888889
1 0.6533854166666666 0.4305555555555556 0.008854166666666666 0.016666666666666666
1 0.5208333333333334 0.5018518518518519 0.007291666666666667 0.012962962962962964
1 0.5479166666666666 0.5 0.007291666666666667 0.024074074074074074
1 0.56328125 0.5027777777777778 0.009895833333333333 0.014814814814814815
1 0.5911458333333334 0.49259259259259264 0.010416666666666666 0.022222222222222223
1 0.58828125 0.5277777777777778 0.009895833333333333 0.014814814814814815
1 0.62578125 0.5171296296296296 0.009895833333333333 0.01388888888888889
1 0.6328125 0.5328703703703704 0.011458333333333333 0.015740740740740743
1 0.6953125 0.5356481481481482 0.010416666666666666 0.015740740740740743
1 0.5682291666666667 0.5583333333333333 0.009375 0.020370370370370372
1 0.58984375 0.5569444444444445 0.0109375 0.017592592592592594
1 0.4830729166666667 0.576388888888889 0.013020833333333334 0.019444444444444445
1 0.5049479166666666 0.5902777777777778 0.0109375 0.021296296296296296
1 0.5763020833333333 0.5944444444444444 0.011979166666666666 0.020370370370370372
1 0.6213541666666667 0.5893518518518519 0.011458333333333333 0.017592592592592594
1 0.5341145833333333 0.6199074074074075 0.008854166666666666 0.021296296296296296
1 0.5661458333333333 0.6189814814814815 0.011458333333333333 0.012037037037037037
1 0.5598958333333334 0.6296296296296297 0.010416666666666666 0.018518518518518517
1 0.6036458333333333 0.6712962962962963 0.0125 0.016666666666666666
1 0.4953125 0.688425925925926 0.013541666666666667 0.01388888888888889
1 0.49505208333333334 0.7208333333333333 0.0109375 0.02314814814814815
1 0.5520833333333334 0.7425925925925926 0.0125 0.022222222222222223
1 0.5901041666666667 0.7671296296296296 0.013541666666666667 0.021296296296296296
1 0.5401041666666666 0.05462962962962963 0.008333333333333333 0.011111111111111112
0 0.47604166666666664 0.42129629629629634 0.528125 0.837037037037037
1 0.47552083333333334 0.48379629629629634 0.00625 0.010185185185185186
3 0.4765625 0.4842592592592593 0.11354166666666667 0.18703703703703706
