1 0.4981770833333333 0.4851851851851852 0.0109375 0.018518518518518517
1 0.5208333333333334 0.45416666666666666 0.009375 0.017592592592592594
1 0.5794270833333334 0.42962962962962964 0.0140625 0.018518518518518517
1 0.6330729166666667 0.4217592592592593 0.008854166666666666 0.017592592592592594
1 0.6518229166666667 0.4375 0.0109375 0.019444444444444445
1 0.5190104166666667 0.5078703703703704 0.009895833333333333 0.015740740740740743
1 0.5861979166666667 0.5351851851851852 0.009895833333333333 0.016666666666666666
1 0.56640625 0.5680555555555555 0.0078125 0.017592592592592594
1 0.5752604166666666 0.6013888888888889 0.011979166666666666 0.015740740740740743
1 0.5328125 0.6305555555555555 0.011458333333333333 0.016666666666666666
1 0.5575520833333333 0.6402777777777778 0.005729166666666666 0.019444444444444445
1 0.5630208333333333 0.6291666666666667 0.009375 0.02314814814814815
1 0.6229166666666667 0.5273148148148148 0.00625 0.019444444444444445
1 0.6286458333333333 0.5398148148148149 0.013541666666666667 0.016666666666666666
1 0.69453125 0.5393518518518519 0.0171875 0.02314814814814815
1 0.61875 0.5962962962962963 0.011458333333333333 0.018518518518518517
1 0.6015625 0.6773148148148148 0.011458333333333333 0.017592592592592594
1 0.49192708333333335 0.700925925925926 0.0109375 0.022222222222222223
1 0.58828125 0.7740740740740741 0.0171875 0.022222222222222223
0 0.47604166666666664 0.42685185185185187 0.5260416666666666 0.8296296296296297
2 0.47421874999999997 0.4953703703703704 0.008854166666666666 0.009259259259259259
3 0.47578125 0.4930555555555556 0.10781249999999999 0.1787037037037037
