1 0.5236979166666667 0.27592592592592596 0.009895833333333333 0.018518518518518517
1 0.5625 0.43703703703703706 0.013541666666666667 0.016666666666666666
1 0.49453125 0.4615740740740741 0.009895833333333333 0.021296296296296296
1 0.471875 0.47453703703703703 0.011458333333333333 0.021296296296296296
1 0.37864583333333335 0.5652777777777778 0.0125 0.021296296296296296
1 0.50546875 0.6560185185185186 0.011979166666666666 0.01388888888888889
1 0.58515625 0.7050925925925926 0.011979166666666666 0.021296296296296296
1 0.5645833333333333 0.7328703703703704 0.014583333333333334 0.01388888888888889
1 0.48593749999999997 0.7564814814814815 0.0125 0.018518518518518517
1 0.46171875 0.763888888888889 0.011979166666666666 0.020370370370370372
1 0.44479166666666664 0.825462962962963 0.0125 0.017592592592592594
1 0.41171874999999997 0.8953703703703704 0.0140625 0.02592592592592593
1 0.4778645833333333 0.5657407407407408 0.013020833333333334 0.016666666666666666
1 0.44166666666666665 0.9412037037037038 0.009375 0.021296296296296296
1 0.43307291666666664 0.962037037037037 0.015104166666666667 0.016666666666666666
1 0.5950520833333334 0.26435185185185184 0.008854166666666666 0.015740740740740743
0 0.4739583333333333 0.5166666666666667 0.6020833333333333 0.9592592592592593
1 0.4666666666666667 0.5444444444444445 0.00625 0.011111111111111112
3 0.46901041666666665 0.5472222222222223 0.12135416666666667 0.1851851851851852
