1 0.5065104166666666 0.16898148148148148 0.009895833333333333 0.017592592592592594
1 0.515625 0.27361111111111114 0.011458333333333333 0.021296296296296296
1 0.3880208333333333 0.4671296296296297 0.013541666666666667 0.01388888888888889
1 0.5005208333333333 0.4791666666666667 0.0125 0.019444444444444445
1 0.52265625 0.45046296296296295 0.0109375 0.019444444444444445
1 0.5208333333333334 0.5032407407407408 0.010416666666666666 0.019444444444444445
1 0.5572916666666666 0.4277777777777778 0.008333333333333333 0.018518518518518517
1 0.56953125 0.44074074074074077 0.009895833333333333 0.020370370370370372
1 0.5791666666666666 0.425462962962963 0.011458333333333333 0.017592592592592594
1 0.6341145833333334 0.42129629629629634 0.008854166666666666 0.018518518518518517
1 0.6533854166666666 0.4351851851851852 0.009895833333333333 0.020370370370370372
1 0.5869791666666666 0.5314814814814816 0.011458333333333333 0.018518518518518517
1 0.6244791666666667 0.5222222222222223 0.009375 0.014814814814814815
1 0.6302083333333334 0.5351851851851852 0.007291666666666667 0.016666666666666666
1 0.69453125 0.5407407407407407 0.013020833333333334 0.020370370370370372
1 0.5682291666666667 0.562962962962963 0.008333333333333333 0.022222222222222223
1 0.5348958333333333 0.6212962962962963 0.009375 0.014814814814814815
1 0.5763020833333333 0.5972222222222222 0.0109375 0.016666666666666666
1 0.5661458333333333 0.6217592592592592 0.010416666666666666 0.017592592592592594
1 0.5598958333333334 0.6337962962962963 0.009375 0.019444444444444445
1 0.62109375 0.5949074074074074 0.009895833333333333 0.019444444444444445
1 0.60234375 0.6726851851851852 0.011979166666666666 0.019444444444444445
1 0.4953125 0.6902777777777778 0.013541666666666667 0.017592592592592594
1 0.5890625 0.7703703703703704 0.011458333333333333 0.018518518518518517
1 0.53984375 0.0625 0.009895833333333333 0.01388888888888889
1 0.48333333333333334 0.5773148148148148 0.007291666666666667 0.012037037037037037
0 0.47604166666666664 0.425 0.5260416666666666 0.8333333333333334
2 0.475 0.4861111111111111 0.007291666666666667 0.005555555555555556
3 0.4770833333333333 0.48564814814814816 0.11041666666666666 0.17685185185185187
