1 0.6325520833333333 0.41805555555555557 0.013020833333333334 0.017592592592592594
1 0.6536458333333334 0.4356481481481482 0.008333333333333333 0.021296296296296296
1 0.50078125 0.47685185185185186 0.008854166666666666 0.016666666666666666
1 0.5192708333333333 0.5032407407407408 0.00625 0.015740740740740743
1 0.5872395833333334 0.5328703703703704 0.013020833333333334 0.02314814814814815
1 0.5752604166666666 0.5949074074074074 0.009895833333333333 0.019444444444444445
1 0.56484375 0.6194444444444445 0.0078125 0.016666666666666666
1 0.5591145833333333 0.6282407407407408 0.0109375 0.017592592592592594
1 0.603125 0.6708333333333334 0.013541666666666667 0.021296296296296296
0 0.47552083333333334 0.42962962962962964 0.5270833333333333 0.8351851851851853
2 0.47291666666666665 0.487962962962963 0.005208333333333333 0.005555555555555556
3 0.4747395833333333 0.4865740740740741 0.10781249999999999 0.1824074074074074
