1 0.5377604166666666 0.1328703703703704 0.008854166666666666 0.012037037037037037
1 0.5549479166666667 0.1425925925925926 0.0067708333333333336 0.012962962962962964
1 0.43046875 0.07361111111111111 0.009895833333333333 0.012037037037037037
1 0.5270833333333333 0.19907407407407407 0.008333333333333333 0.016666666666666666
1 0.3458333333333333 0.47685185185185186 0.011458333333333333 0.016666666666666666
1 0.4432291666666667 0.5370370370370371 0.0125 0.012962962962962964
1 0.6010416666666667 0.42453703703703705 0.010416666666666666 0.015740740740740743
1 0.6348958333333333 0.38287037037037036 0.008333333333333333 0.017592592592592594
1 0.5333333333333333 0.3055555555555556 0.010416666666666666 0.012962962962962964
0 0.4940104166666667 0.3055555555555556 0.3776041666666667 0.6055555555555556
1 0.48541666666666666 0.33240740740740743 0.004166666666666667 0.007407407407407408
3 0.4861979166666667 0.33194444444444443 0.07552083333333333 0.1212962962962963
