1 0.5411458333333333 0.05555555555555556 0.010416666666666666 0.018518518518518517
1 0.5065104166666666 0.16296296296296298 0.0109375 0.022222222222222223
1 0.5171875 0.26990740740740743 0.011458333333333333 0.019444444444444445
1 0.3875 0.4666666666666667 0.0125 0.022222222222222223
1 0.38177083333333334 0.563425925925926 0.011458333333333333 0.015740740740740743
1 0.48854166666666665 0.4013888888888889 0.008333333333333333 0.01388888888888889
1 0.46015625 0.5157407407407407 0.009895833333333333 0.014814814814814815
1 0.4765625 0.475462962962963 0.009375 0.012037037037037037
1 0.49244791666666665 0.49259259259259264 0.0078125 0.016666666666666666
1 0.5 0.47500000000000003 0.008333333333333333 0.02777777777777778
1 0.5080729166666667 0.47824074074074074 0.0109375 0.025
1 0.50625 0.45046296296296295 0.0125 0.015740740740740743
1 0.5229166666666667 0.44953703703703707 0.008333333333333333 0.015740740740740743
1 0.528125 0.425 0.007291666666666667 0.014814814814814815
1 0.5356770833333333 0.41435185185185186 0.0046875 0.026851851851851852
1 0.54375 0.41111111111111115 0.00625 0.02962962962962963
1 0.5583333333333333 0.42453703703703705 0.00625 0.025
1 0.5791666666666666 0.42129629629629634 0.010416666666666666 0.018518518518518517
1 0.5716145833333334 0.4361111111111111 0.009895833333333333 0.014814814814814815
1 0.6346354166666667 0.41574074074074074 0.0109375 0.022222222222222223
1 0.65390625 0.4310185185185185 0.009895833333333333 0.019444444444444445
1 0.5203125 0.5027777777777778 0.007291666666666667 0.014814814814814815
1 0.5473958333333333 0.5013888888888889 0.00625 0.017592592592592594
1 0.5638020833333334 0.5050925925925926 0.0078125 0.02314814814814815
1 0.5916666666666667 0.4949074074074074 0.007291666666666667 0.02314814814814815
1 0.5875 0.5296296296296297 0.013541666666666667 0.016666666666666666
1 0.6247395833333333 0.5212962962962964 0.008854166666666666 0.014814814814814815
1 0.6328125 0.5324074074074074 0.007291666666666667 0.016666666666666666
1 0.6950520833333333 0.5361111111111111 0.009895833333333333 0.020370370370370372
1 0.48411458333333335 0.576388888888889 0.009895833333333333 0.01388888888888889
1 0.46432291666666664 0.6074074074074074 0.011979166666666666 0.016666666666666666
1 0.50390625 0.5939814814814816 0.011979166666666666 0.017592592592592594
1 0.5682291666666667 0.5620370370370371 0.010416666666666666 0.016666666666666666
1 0.5893229166666667 0.5587962962962963 0.0109375 0.015740740740740743
1 0.57578125 0.5935185185185186 0.008854166666666666 0.022222222222222223
1 0.534375 0.6199074074074075 0.010416666666666666 0.015740740740740743
1 0.6203125 0.5902777777777778 0.010416666666666666 0.015740740740740743
1 0.5669270833333333 0.6175925925925926 0.009895833333333333 0.016666666666666666
1 0.5591145833333333 0.6300925925925926 0.0067708333333333336 0.017592592592592594
1 0.4947916666666667 0.6902777777777778 0.011458333333333333 0.017592592592592594
1 0.49453125 0.7217592592592593 0.011979166666666666 0.019444444444444445
1 0.6046875 0.6703703703703704 0.009375 0.018518518518518517
1 0.5528645833333333 0.7439814814814815 0.011979166666666666 0.017592592592592594
1 0.5901041666666667 0.7675925925925926 0.0125 0.014814814814814815
0 0.47604166666666664 0.4240740740740741 0.5302083333333333 0.8388888888888889
2 0.4770833333333333 0.48888888888888893 0.005208333333333333 0.011111111111111112
3 0.47630208333333335 0.4828703703703704 0.10677083333333333 0.17500000000000002
