1 0.53984375 0.061111111111111116 0.0078125 0.014814814814814815
1 0.50703125 0.1675925925925926 0.0109375 0.012962962962962964
1 0.51484375 0.27175925925925926 0.009895833333333333 0.015740740740740743
1 0.52890625 0.2888888888888889 0.0109375 0.018518518518518517
1 0.5661458333333333 0.29074074074074074 0.008333333333333333 0.016666666666666666
1 0.57734375 0.312962962962963 0.0109375 0.020370370370370372
1 0.5403645833333334 0.3314814814814815 0.008854166666666666 0.016666666666666666
1 0.3890625 0.46620370370370373 0.014583333333333334 0.01388888888888889
1 0.38125 0.5597222222222222 0.009375 0.01388888888888889
1 0.4822916666666667 0.37083333333333335 0.008333333333333333 0.017592592592592594
1 0.4903645833333333 0.40231481481481485 0.009895833333333333 0.01388888888888889
1 0.5533854166666666 0.38842592592592595 0.013020833333333334 0.012037037037037037
1 0.46015625 0.5148148148148148 0.0078125 0.012962962962962964
1 0.47890625 0.47500000000000003 0.009895833333333333 0.014814814814814815
1 0.48072916666666665 0.48935185185185187 0.010416666666666666 0.01388888888888889
1 0.49322916666666666 0.49212962962962964 0.007291666666666667 0.010185185185185186
1 0.5005208333333333 0.47361111111111115 0.008333333333333333 0.017592592592592594
1 0.509375 0.47222222222222227 0.00625 0.012962962962962964
1 0.50703125 0.45092592592592595 0.0067708333333333336 0.014814814814814815
1 0.5223958333333333 0.44953703703703707 0.008333333333333333 0.012037037037037037
1 0.5278645833333333 0.425 0.0067708333333333336 0.018518518518518517
1 0.5302083333333333 0.4152777777777778 0.00625 0.02314814814814815
1 0.5388020833333333 0.412962962962963 0.005729166666666666 0.02592592592592593
1 0.5455729166666666 0.41111111111111115 0.008854166666666666 0.011111111111111112
1 0.5846354166666666 0.3990740740740741 0.0067708333333333336 0.011111111111111112
1 0.5591145833333333 0.4240740740740741 0.005729166666666666 0.014814814814814815
1 0.5705729166666667 0.4356481481481482 0.005729166666666666 0.015740740740740743
1 0.5807291666666666 0.4240740740740741 0.008333333333333333 0.012962962962962964
1 0.6348958333333333 0.41805555555555557 0.008333333333333333 0.01388888888888889
1 0.65390625 0.4324074074074074 0.0078125 0.012962962962962964
1 0.521875 0.5046296296296297 0.008333333333333333 0.014814814814814815
1 0.54765625 0.5013888888888889 0.0078125 0.01388888888888889
1 0.56484375 0.4847222222222222 0.008854166666666666 0.012037037037037037
1 0.5640625 0.5037037037037038 0.010416666666666666 0.014814814814814815
1 0.5911458333333334 0.4949074074074074 0.008333333333333333 0.01388888888888889
1 0.5885416666666666 0.5310185185185186 0.010416666666666666 0.017592592592592594
1 0.46510416666666665 0.6074074074074074 0.007291666666666667 0.018518518518518517
1 0.48385416666666664 0.5745370370370371 0.010416666666666666 0.017592592592592594
1 0.503125 0.5939814814814816 0.010416666666666666 0.015740740740740743
1 0.61328125 0.3523148148148148 0.0109375 0.01388888888888889
1 0.5359375 0.6212962962962963 0.009375 0.018518518518518517
1 0.56875 0.5615740740740741 0.008333333333333333 0.015740740740740743
1 0.58828125 0.5597222222222222 0.0078125 0.017592592592592594
1 0.6255208333333333 0.5212962962962964 0.008333333333333333 0.016666666666666666
1 0.6315104166666666 0.5342592592592593 0.0067708333333333336 0.014814814814814815
1 0.6520833333333333 0.5189814814814815 0.008333333333333333 0.017592592592592594
1 0.6950520833333333 0.5365740740740741 0.009895833333333333 0.01388888888888889
1 0.5776041666666667 0.5953703703703704 0.011458333333333333 0.014814814814814815
1 0.6203125 0.5898148148148148 0.008333333333333333 0.016666666666666666
1 0.5669270833333333 0.6208333333333333 0.0078125 0.015740740740740743
1 0.56015625 0.6324074074074074 0.0078125 0.016666666666666666
1 0.5697916666666667 0.6444444444444445 0.009375 0.016666666666666666
1 0.49635416666666665 0.6888888888888889 0.010416666666666666 0.016666666666666666
1 0.49322916666666666 0.7212962962962963 0.007291666666666667 0.020370370370370372
1 0.50390625 0.7189814814814816 0.0067708333333333336 0.021296296296296296
1 0.6044270833333333 0.6699074074074074 0.008854166666666666 0.019444444444444445
1 0.5528645833333333 0.7444444444444445 0.008854166666666666 0.016666666666666666
1 0.58984375 0.7694444444444445 0.009895833333333333 0.012962962962962964
1 0.3578125 0.7837962962962963 0.0125 0.017592592592592594
0 0.47812499999999997 0.42314814814814816 0.5260416666666666 0.8333333333333334
2 0.4765625 0.487962962962963 0.004166666666666667 0.005555555555555556
3 0.47630208333333335 0.4828703703703704 0.10677083333333333 0.17500000000000002
