1 0.5778645833333333 0.43333333333333335 0.008854166666666666 0.016666666666666666
1 0.6333333333333333 0.425462962962963 0.010416666666666666 0.015740740740740743
1 0.6526041666666667 0.4398148148148148 0.007291666666666667 0.016666666666666666
1 0.49921875 0.4898148148148148 0.009895833333333333 0.016666666666666666
1 0.51875 0.5171296296296296 0.011458333333333333 0.019444444444444445
1 0.58515625 0.5421296296296296 0.0109375 0.017592592592592594
1 0.56484375 0.5722222222222223 0.008854166666666666 0.016666666666666666
1 0.4934895833333333 0.7083333333333334 0.009895833333333333 0.016666666666666666
1 0.5565104166666667 0.6453703703703704 0.0078125 0.020370370370370372
1 0.5625 0.6328703703703704 0.007291666666666667 0.01388888888888889
1 0.5755208333333334 0.6097222222222223 0.007291666666666667 0.019444444444444445
1 0.6221354166666666 0.5333333333333333 0.008854166666666666 0.012962962962962964
1 0.6286458333333333 0.5458333333333334 0.009375 0.015740740740740743
1 0.6927083333333334 0.5435185185185185 0.0125 0.014814814814814815
1 0.6013020833333333 0.6833333333333333 0.008854166666666666 0.016666666666666666
1 0.5877604166666667 0.7800925925925927 0.008854166666666666 0.015740740740740743
0 0.4770833333333333 0.4351851851851852 0.5260416666666666 0.8333333333333334
2 0.47239583333333335 0.5 0.004166666666666667 0.003703703703703704
3 0.47421874999999997 0.4990740740740741 0.1109375 0.18333333333333335
