1 0.5408854166666667 0.04814814814814815 0.008854166666666666 0.016666666666666666
1 0.5072916666666667 0.1615740740740741 0.011458333333333333 0.019444444444444445
1 0.5161458333333333 0.26712962962962966 0.008333333333333333 0.012037037037037037
1 0.5291666666666667 0.28194444444444444 0.009375 0.01388888888888889
1 0.5666666666666667 0.2847222222222222 0.005208333333333333 0.015740740740740743
1 0.5783854166666667 0.30694444444444446 0.008854166666666666 0.01388888888888889
1 0.46822916666666664 0.34074074074074073 0.009375 0.018518518518518517
1 0.5421875 0.3300925925925926 0.009375 0.019444444444444445
1 0.48072916666666665 0.3675925925925926 0.00625 0.020370370370370372
1 0.48854166666666665 0.40046296296296297 0.011458333333333333 0.015740740740740743
1 0.3841145833333333 0.4675925925925926 0.008854166666666666 0.016666666666666666
1 0.3763020833333333 0.5648148148148149 0.009895833333333333 0.014814814814814815
1 0.45729166666666665 0.5189814814814815 0.010416666666666666 0.021296296296296296
1 0.4770833333333333 0.47870370370370374 0.009375 0.014814814814814815
1 0.4778645833333333 0.49212962962962964 0.0078125 0.01388888888888889
1 0.49140625 0.49444444444444446 0.0078125 0.012962962962962964
1 0.49947916666666664 0.47453703703703703 0.00625 0.019444444444444445
1 0.5080729166666667 0.4726851851851852 0.0067708333333333336 0.01388888888888889
1 0.50625 0.4518518518518519 0.007291666666666667 0.014814814814814815
1 0.521875 0.45092592592592595 0.007291666666666667 0.014814814814814815
1 0.5197916666666667 0.5060185185185185 0.00625 0.012037037037037037
1 0.528125 0.425462962962963 0.007291666666666667 0.01388888888888889
1 0.5291666666666667 0.412962962962963 0.008333333333333333 0.016666666666666666
1 0.5390625 0.41203703703703703 0.005208333333333333 0.014814814814814815
1 0.5455729166666666 0.40925925925925927 0.005729166666666666 0.016666666666666666
1 0.5544270833333333 0.38703703703703707 0.009895833333333333 0.009259259259259259
1 0.58515625 0.39675925925925926 0.009895833333333333 0.01388888888888889
1 0.559375 0.425462962962963 0.007291666666666667 0.015740740740740743
1 0.5721354166666667 0.4375 0.0067708333333333336 0.012037037037037037
1 0.5809895833333333 0.4236111111111111 0.0078125 0.015740740740740743
1 0.5479166666666666 0.5050925925925926 0.007291666666666667 0.019444444444444445
1 0.565625 0.4847222222222222 0.009375 0.010185185185185186
1 0.56484375 0.5069444444444444 0.0078125 0.015740740740740743
1 0.615625 0.3513888888888889 0.010416666666666666 0.017592592592592594
1 0.63828125 0.4189814814814815 0.009895833333333333 0.017592592592592594
1 0.6572916666666666 0.43333333333333335 0.011458333333333333 0.016666666666666666
1 0.6341145833333334 0.46620370370370373 0.009895833333333333 0.01388888888888889
1 0.59375 0.49722222222222223 0.011458333333333333 0.014814814814814815
1 0.5890625 0.5324074074074074 0.011458333333333333 0.014814814814814815
1 0.5697916666666667 0.5662037037037038 0.009375 0.015740740740740743
1 0.5921875 0.563425925925926 0.0125 0.01388888888888889
1 0.4627604166666667 0.6129629629629629 0.008854166666666666 0.018518518518518517
1 0.4830729166666667 0.5819444444444445 0.009895833333333333 0.01388888888888889
1 0.5018229166666667 0.5967592592592593 0.009895833333333333 0.015740740740740743
1 0.5348958333333333 0.6268518518518519 0.008333333333333333 0.011111111111111112
1 0.57734375 0.5995370370370371 0.009895833333333333 0.015740740740740743
1 0.5671875 0.6263888888888889 0.007291666666666667 0.01388888888888889
1 0.56015625 0.6370370370370371 0.0067708333333333336 0.014814814814814815
1 0.5692708333333333 0.65 0.011458333333333333 0.014814814814814815
1 0.62890625 0.524537037037037 0.008854166666666666 0.01388888888888889
1 0.634375 0.5361111111111111 0.009375 0.011111111111111112
1 0.6559895833333333 0.5203703703703704 0.009895833333333333 0.018518518518518517
1 0.7013020833333333 0.5393518518518519 0.011979166666666666 0.015740740740740743
1 0.62421875 0.5925925925925926 0.0078125 0.020370370370370372
1 0.6078125 0.6768518518518519 0.010416666666666666 0.012962962962962964
1 0.49453125 0.6958333333333334 0.0109375 0.012037037037037037
1 0.49244791666666665 0.7287037037037037 0.008854166666666666 0.016666666666666666
1 0.5026041666666666 0.725925925925926 0.011458333333333333 0.020370370370370372
1 0.5533854166666666 0.7523148148148149 0.0109375 0.021296296296296296
1 0.5911458333333334 0.7763888888888889 0.010416666666666666 0.019444444444444445
1 0.35130208333333335 0.7912037037037037 0.008854166666666666 0.017592592592592594
0 0.4765625 0.4273148148148148 0.5427083333333333 0.8527777777777779
2 0.4713541666666667 0.4898148148148148 0.0 0.009259259259259259
3 0.47291666666666665 0.4861111111111111 0.11354166666666667 0.1851851851851852
