1 0.5690104166666666 0.1675925925925926 0.0067708333333333336 0.016666666666666666
1 0.52890625 0.21944444444444444 0.008854166666666666 0.016666666666666666
1 0.58125 0.20324074074074075 0.007291666666666667 0.019444444444444445
1 0.5807291666666666 0.26296296296296295 0.008333333333333333 0.020370370370370372
1 0.6450520833333333 0.49259259259259264 0.0109375 0.018518518518518517
1 0.68203125 0.8018518518518519 0.0109375 0.024074074074074074
1 0.42994791666666665 0.10740740740740741 0.0078125 0.011111111111111112
0 0.4825520833333333 0.4625 0.4828125 0.750925925925926
2 0.4791666666666667 0.5018518518518519 0.003125 0.003703703703703704
3 0.47994791666666664 0.4981481481481482 0.1015625 0.16481481481481483
