1 0.55234375 0.5504629629629629 0.008854166666666666 0.015740740740740743
1 0.5330729166666667 0.6685185185185185 0.0067708333333333336 0.014814814814814815
1 0.50390625 0.7041666666666667 0.0078125 0.012037037037037037
1 0.51796875 0.7800925925925927 0.0067708333333333336 0.01388888888888889
1 0.6359375 0.5944444444444444 0.007291666666666667 0.014814814814814815
1 0.6091145833333333 0.6037037037037037 0.0078125 0.012962962962962964
1 0.6059895833333333 0.6226851851851852 0.0067708333333333336 0.012037037037037037
1 0.659375 0.6356481481481482 0.007291666666666667 0.012037037037037037
1 0.7145833333333333 0.6416666666666667 0.008333333333333333 0.014814814814814815
1 0.6453125 0.663425925925926 0.007291666666666667 0.01388888888888889
1 0.6419270833333334 0.6870370370370371 0.009895833333333333 0.014814814814814815
1 0.6143229166666666 0.6981481481481482 0.0078125 0.012962962962962964
1 0.6989583333333333 0.7583333333333334 0.007291666666666667 0.014814814814814815
0 0.4200520833333333 0.46574074074074073 0.6098958333333333 0.9259259259259259
2 0.42864583333333334 0.5324074074074074 0.004166666666666667 0.005555555555555556
3 0.428125 0.5296296296296297 0.125 0.2
