1 0.346875 0.23333333333333334 0.009375 0.009259259259259259
1 0.31171875 0.13194444444444445 0.0067708333333333336 0.010185185185185186
1 0.28932291666666665 0.2990740740740741 0.008854166666666666 0.011111111111111112
1 0.371875 0.3 0.009375 0.014814814814814815
1 0.25078125 0.4486111111111111 0.008854166666666666 0.012037037037037037
1 0.26197916666666665 0.4865740740740741 0.010416666666666666 0.012037037037037037
1 0.28489583333333335 0.563425925925926 0.008333333333333333 0.01388888888888889
1 0.27317708333333335 0.6365740740740741 0.008854166666666666 0.012037037037037037
1 0.2520833333333333 0.687962962962963 0.009375 0.014814814814814815
1 0.23906249999999998 0.7671296296296296 0.007291666666666667 0.01388888888888889
1 0.359375 0.42638888888888893 0.007291666666666667 0.010185185185185186
1 0.36041666666666666 0.5069444444444444 0.008333333333333333 0.01388888888888889
1 0.321875 0.5342592592592593 0.007291666666666667 0.012962962962962964
1 0.34401041666666665 0.5717592592592593 0.0067708333333333336 0.01388888888888889
1 0.33541666666666664 0.6893518518518519 0.010416666666666666 0.012037037037037037
1 0.40208333333333335 0.39305555555555555 0.007291666666666667 0.012037037037037037
1 0.39791666666666664 0.4513888888888889 0.008333333333333333 0.012037037037037037
1 0.3919270833333333 0.4986111111111111 0.005729166666666666 0.015740740740740743
1 0.39947916666666666 0.4981481481481482 0.007291666666666667 0.016666666666666666
1 0.43307291666666664 0.5296296296296297 0.0078125 0.014814814814814815
1 0.45729166666666665 0.5449074074074074 0.008333333333333333 0.015740740740740743
1 0.43072916666666666 0.6268518518518519 0.009375 0.014814814814814815
1 0.4375 0.8532407407407407 0.008333333333333333 0.010185185185185186
1 0.4908854166666667 0.7185185185185186 0.0078125 0.012962962962962964
1 0.5348958333333333 0.3717592592592593 0.00625 0.01388888888888889
1 0.51015625 0.4240740740740741 0.0078125 0.011111111111111112
1 0.59921875 0.45 0.008854166666666666 0.011111111111111112
1 0.5572916666666666 0.6638888888888889 0.00625 0.011111111111111112
1 0.634375 0.6013888888888889 0.009375 0.017592592592592594
0 0.43203125 0.46064814814814814 0.6078125 0.8972222222222223
2 0.4348958333333333 0.4861111111111111 0.003125 0.005555555555555556
3 0.43515624999999997 0.4847222222222222 0.12864583333333332 0.1953703703703704
