1 0.55390625 0.5435185185185185 0.008854166666666666 0.012962962962962964
1 0.5341145833333333 0.6615740740740741 0.008854166666666666 0.01388888888888889
1 0.5057291666666667 0.6976851851851852 0.008333333333333333 0.01388888888888889
1 0.5190104166666667 0.7726851851851853 0.0067708333333333336 0.015740740740740743
1 0.61015625 0.5939814814814816 0.0067708333333333336 0.012037037037037037
1 0.6072916666666667 0.6143518518518519 0.007291666666666667 0.010185185185185186
1 0.6372395833333333 0.5865740740740741 0.0078125 0.012037037037037037
1 0.6158854166666666 0.6921296296296297 0.0078125 0.01388888888888889
1 0.6619791666666667 0.6291666666666667 0.007291666666666667 0.012037037037037037
1 0.6466145833333333 0.6560185185185186 0.005729166666666666 0.012037037037037037
1 0.64375 0.6796296296296297 0.008333333333333333 0.012962962962962964
1 0.7171875 0.6342592592592593 0.007291666666666667 0.014814814814814815
1 0.7010416666666667 0.7523148148148149 0.00625 0.010185185185185186
0 0.42291666666666666 0.4638888888888889 0.6020833333333333 0.9185185185185185
2 0.42864583333333334 0.5263888888888889 0.004166666666666667 0.002777777777777778
3 0.42916666666666664 0.5222222222222223 0.12291666666666666 0.20185185185185187
