1 0.56640625 0.24675925925925926 0.005729166666666666 0.012037037037037037
1 0.5440104166666666 0.2449074074074074 0.0067708333333333336 0.012037037037037037
1 0.5088541666666666 0.2652777777777778 0.007291666666666667 0.01388888888888889
1 0.48828125 0.2953703703703704 0.0067708333333333336 0.011111111111111112
1 0.5018229166666667 0.33055555555555555 0.0067708333333333336 0.014814814814814815
1 0.6393229166666666 0.337037037037037 0.0067708333333333336 0.014814814814814815
1 0.5861979166666667 0.4375 0.008854166666666666 0.012037037037037037
1 0.5895833333333333 0.44722222222222224 0.008333333333333333 0.014814814814814815
1 0.69375 0.4324074074074074 0.008333333333333333 0.012962962962962964
1 0.4796875 0.46851851851851856 0.007291666666666667 0.012962962962962964
1 0.5455729166666666 0.8833333333333334 0.009895833333333333 0.012962962962962964
0 0.4380208333333333 0.45 0.6020833333333333 0.8648148148148148
2 0.4440104166666667 0.4953703703703704 0.0026041666666666665 0.005555555555555556
3 0.44635416666666666 0.4898148148148148 0.125 0.19814814814814816
