1 0.63515625 0.15231481481481482 0.0109375 0.01388888888888889
1 0.49166666666666664 0.17037037037037037 0.00625 0.014814814814814815
1 0.39947916666666666 0.22546296296296298 0.009375 0.015740740740740743
1 0.5065104166666666 0.35694444444444445 0.0046875 0.012037037037037037
1 0.39739583333333334 0.513425925925926 0.008333333333333333 0.012037037037037037
1 0.6260416666666666 0.45462962962962966 0.007291666666666667 0.016666666666666666
1 0.72578125 0.5111111111111112 0.009895833333333333 0.014814814814814815
1 0.709375 0.5574074074074075 0.010416666666666666 0.012962962962962964
1 0.66953125 0.5902777777777778 0.009895833333333333 0.015740740740740743
1 0.45390625 0.662962962962963 0.0067708333333333336 0.011111111111111112
1 0.4505208333333333 0.7972222222222223 0.00625 0.016666666666666666
1 0.41432291666666665 0.8777777777777778 0.008854166666666666 0.012962962962962964
1 0.58671875 0.8180555555555555 0.0067708333333333336 0.01388888888888889
1 0.6627604166666666 0.8439814814814816 0.0046875 0.01388888888888889
1 0.6677083333333333 0.8361111111111111 0.007291666666666667 0.012962962962962964
1 0.20286458333333332 0.8962962962962964 0.0046875 0.011111111111111112
1 0.5236979166666667 0.9726851851851852 0.008854166666666666 0.012037037037037037
1 0.46119791666666665 0.9949074074074075 0.013020833333333334 0.008333333333333333
0 0.47734375 0.5282407407407408 0.6130208333333333 0.9435185185185185
2 0.49166666666666664 0.6138888888888889 0.0020833333333333333 0.011111111111111112
3 0.49192708333333335 0.6129629629629629 0.12135416666666667 0.20925925925925926
