1 0.5630208333333333 0.13703703703703704 0.009375 0.009259259259259259
1 0.30885416666666665 0.12314814814814816 0.007291666666666667 0.014814814814814815
1 0.2877604166666667 0.2916666666666667 0.008854166666666666 0.011111111111111112
1 0.34479166666666666 0.22361111111111112 0.009375 0.010185185185185186
1 0.37057291666666664 0.2916666666666667 0.0067708333333333336 0.011111111111111112
1 0.4041666666666667 0.27361111111111114 0.008333333333333333 0.012037037037037037
1 0.25026041666666665 0.4430555555555556 0.008854166666666666 0.015740740740740743
1 0.26119791666666664 0.48194444444444445 0.0078125 0.01388888888888889
1 0.284375 0.5606481481481481 0.009375 0.01388888888888889
1 0.2713541666666667 0.6319444444444444 0.009375 0.010185185185185186
1 0.25104166666666666 0.6833333333333333 0.008333333333333333 0.012962962962962964
1 0.23776041666666667 0.7643518518518518 0.0067708333333333336 0.01388888888888889
1 0.32109375 0.5291666666666667 0.0067708333333333336 0.012037037037037037
1 0.33489583333333334 0.6856481481481482 0.009375 0.012037037037037037
1 0.4002604166666667 0.38657407407407407 0.0067708333333333336 0.010185185185185186
1 0.375 0.4027777777777778 0.00625 0.011111111111111112
1 0.3578125 0.4217592592592593 0.008333333333333333 0.012037037037037037
1 0.35859375 0.500462962962963 0.005729166666666666 0.01388888888888889
1 0.36015625 0.5231481481481481 0.005729166666666666 0.011111111111111112
1 0.3421875 0.5662037037037038 0.008333333333333333 0.012037037037037037
1 0.43723958333333335 0.850462962962963 0.0078125 0.012037037037037037
1 0.5122395833333333 0.32037037037037036 0.0078125 0.011111111111111112
1 0.49921875 0.3425925925925926 0.0067708333333333336 0.011111111111111112
1 0.5338541666666666 0.3648148148148148 0.007291666666666667 0.012962962962962964
1 0.5091145833333334 0.41805555555555557 0.008854166666666666 0.010185185185185186
1 0.4119791666666667 0.43333333333333335 0.008333333333333333 0.009259259259259259
1 0.3963541666666667 0.4462962962962963 0.008333333333333333 0.011111111111111112
1 0.39036458333333335 0.49212962962962964 0.0067708333333333336 0.015740740740740743
1 0.39765625 0.49259259259259264 0.008854166666666666 0.014814814814814815
1 0.44765625 0.5064814814814815 0.0067708333333333336 0.012962962962962964
1 0.4315104166666667 0.525462962962963 0.0078125 0.010185185185185186
1 0.45546875 0.5388888888888889 0.0078125 0.009259259259259259
1 0.4453125 0.5643518518518519 0.00625 0.010185185185185186
1 0.453125 0.562962962962963 0.00625 0.012962962962962964
1 0.43072916666666666 0.600462962962963 0.007291666666666667 0.012037037037037037
1 0.42890625 0.6226851851851852 0.0067708333333333336 0.012037037037037037
1 0.45859374999999997 0.6717592592592593 0.0078125 0.012037037037037037
1 0.4895833333333333 0.7148148148148148 0.007291666666666667 0.012962962962962964
1 0.5567708333333333 0.6597222222222222 0.00625 0.008333333333333333
1 0.5994791666666667 0.44537037037037036 0.008333333333333333 0.012962962962962964
1 0.6333333333333333 0.5972222222222222 0.007291666666666667 0.012962962962962964
0 0.42942708333333335 0.4481481481481482 0.6026041666666666 0.8944444444444445
2 0.43203125 0.4810185185185185 0.0026041666666666665 0.004629629629629629
3 0.4354166666666667 0.4814814814814815 0.12604166666666666 0.19814814814814816
