1 0.34348958333333335 0.2337962962962963 0.008854166666666666 0.015740740740740743
1 0.28541666666666665 0.3 0.008333333333333333 0.016666666666666666
1 0.36796875 0.2990740740740741 0.009895833333333333 0.009259259259259259
1 0.24713541666666666 0.44953703703703707 0.009895833333333333 0.015740740740740743
1 0.25885416666666666 0.48750000000000004 0.010416666666666666 0.012037037037037037
1 0.39869791666666665 0.3939814814814815 0.0078125 0.012037037037037037
1 0.53125 0.3717592592592593 0.008333333333333333 0.01388888888888889
1 0.39427083333333335 0.45231481481481484 0.008333333333333333 0.010185185185185186
1 0.35520833333333335 0.5074074074074074 0.00625 0.014814814814814815
1 0.3885416666666667 0.5 0.00625 0.012962962962962964
1 0.39557291666666666 0.5013888888888889 0.0067708333333333336 0.01388888888888889
1 0.28229166666666666 0.5671296296296297 0.009375 0.015740740740740743
1 0.23515624999999998 0.7685185185185186 0.0067708333333333336 0.012962962962962964
1 0.434375 0.8537037037037037 0.010416666666666666 0.012962962962962964
1 0.42734374999999997 0.6277777777777778 0.008854166666666666 0.014814814814814815
1 0.4536458333333333 0.5449074074074074 0.007291666666666667 0.010185185185185186
1 0.30807291666666664 0.13148148148148148 0.0078125 0.011111111111111112
1 0.596875 0.4513888888888889 0.009375 0.01388888888888889
1 0.5541666666666667 0.6648148148148149 0.007291666666666667 0.011111111111111112
1 0.4869791666666667 0.7203703703703704 0.009375 0.014814814814814815
0 0.4278645833333333 0.4569444444444445 0.6098958333333333 0.9083333333333333
2 0.4309895833333333 0.4842592592592593 0.0026041666666666665 0.005555555555555556
3 0.4317708333333333 0.48564814814814816 0.12604166666666666 0.19351851851851853
