1 0.5572916666666666 0.5476851851851852 0.007291666666666667 0.012037037037037037
1 0.5377604166666666 0.6648148148148149 0.0067708333333333336 0.011111111111111112
1 0.5091145833333334 0.6995370370370371 0.008854166666666666 0.015740740740740743
1 0.5221354166666666 0.7717592592592593 0.008854166666666666 0.01388888888888889
1 0.6135416666666667 0.5981481481481482 0.00625 0.014814814814814815
1 0.6109375 0.6180555555555556 0.00625 0.01388888888888889
1 0.6411458333333333 0.5898148148148148 0.008333333333333333 0.012962962962962964
1 0.6643229166666667 0.6314814814814815 0.0078125 0.014814814814814815
1 0.6497395833333334 0.6597222222222222 0.0078125 0.010185185185185186
1 0.6471354166666666 0.6833333333333333 0.008854166666666666 0.011111111111111112
1 0.61875 0.6921296296296297 0.007291666666666667 0.012037037037037037
1 0.71953125 0.637962962962963 0.008854166666666666 0.014814814814814815
1 0.703125 0.7560185185185185 0.007291666666666667 0.01388888888888889
0 0.4244791666666667 0.46944444444444444 0.6072916666666667 0.9333333333333333
2 0.43307291666666664 0.5296296296296297 0.008854166666666666 0.003703703703703704
3 0.43124999999999997 0.5305555555555556 0.12291666666666666 0.20185185185185187
