1 0.5565104166666667 0.5458333333333334 0.0067708333333333336 0.01388888888888889
1 0.5375 0.6620370370370371 0.008333333333333333 0.014814814814814815
1 0.5075520833333333 0.6981481481481482 0.0078125 0.012962962962962964
1 0.5213541666666667 0.7736111111111111 0.00625 0.01388888888888889
1 0.6135416666666667 0.5967592592592593 0.00625 0.012037037037037037
1 0.6109375 0.6171296296296297 0.00625 0.01388888888888889
1 0.63984375 0.5884259259259259 0.0067708333333333336 0.012037037037037037
1 0.6653645833333334 0.6300925925925926 0.0078125 0.012037037037037037
1 0.6192708333333333 0.6935185185185185 0.007291666666666667 0.011111111111111112
1 0.6494791666666666 0.6592592592592593 0.007291666666666667 0.011111111111111112
1 0.6466145833333333 0.6819444444444445 0.0078125 0.012037037037037037
1 0.7190104166666667 0.6356481481481482 0.005729166666666666 0.012037037037037037
1 0.703125 0.7541666666666667 0.007291666666666667 0.015740740740740743
0 0.42604166666666665 0.4675925925925926 0.6083333333333333 0.9333333333333333
2 0.43203125 0.5282407407407408 0.0026041666666666665 0.002777777777777778
3 0.4322916666666667 0.5236111111111111 0.12291666666666666 0.1953703703703704
