1 0.5609375 0.5356481481481482 0.007291666666666667 0.017592592592592594
1 0.5236979166666667 0.7569444444444444 0.0067708333333333336 0.015740740740740743
1 0.6169270833333333 0.5833333333333334 0.005729166666666666 0.012962962962962964
1 0.6145833333333334 0.6032407407407407 0.007291666666666667 0.012037037037037037
1 0.64453125 0.575925925925926 0.0067708333333333336 0.014814814814814815
1 0.62265625 0.6791666666666667 0.008854166666666666 0.012037037037037037
1 0.6684895833333333 0.6194444444444445 0.0067708333333333336 0.014814814814814815
1 0.65 0.6712962962962963 0.007291666666666667 0.012962962962962964
1 0.7234375 0.625925925925926 0.007291666666666667 0.014814814814814815
1 0.7072916666666667 0.7435185185185186 0.007291666666666667 0.014814814814814815
0 0.4309895833333333 0.45601851851851855 0.6015625 0.9101851851851852
2 0.4359375 0.5222222222222223 0.005208333333333333 0.005555555555555556
3 0.4375 0.5185185185185185 0.12395833333333334 0.19814814814814816
