1 0.6348958333333333 0.16018518518518518 0.008333333333333333 0.011111111111111112
1 0.49192708333333335 0.17685185185185187 0.0067708333333333336 0.009259259259259259
1 0.5072916666666667 0.36203703703703705 0.00625 0.007407407407407408
1 0.6260416666666666 0.46064814814814814 0.00625 0.01388888888888889
1 0.7263020833333333 0.5166666666666667 0.009895833333333333 0.012962962962962964
1 0.7104166666666667 0.562962962962963 0.009375 0.012962962962962964
1 0.45416666666666666 0.6689814814814815 0.007291666666666667 0.012037037037037037
1 0.5872395833333334 0.8222222222222223 0.0078125 0.012962962962962964
1 0.52265625 0.975462962962963 0.0078125 0.010185185185185186
1 0.203125 0.899537037037037 0.00625 0.008333333333333333
0 0.4770833333333333 0.5324074074074074 0.6104166666666666 0.9351851851851852
2 0.490625 0.6148148148148148 0.004166666666666667 0.001851851851851852
3 0.4908854166666667 0.6162037037037037 0.12135416666666667 0.20462962962962963
