1 0.5065104166666666 0.3560185185185185 0.0067708333333333336 0.012037037037037037
1 0.6268229166666667 0.45416666666666666 0.0078125 0.01388888888888889
1 0.709375 0.5555555555555556 0.009375 0.014814814814814815
1 0.7255208333333333 0.5078703703703704 0.009375 0.015740740740740743
1 0.39791666666666664 0.22222222222222224 0.007291666666666667 0.016666666666666666
1 0.5859375 0.8180555555555555 0.009375 0.01388888888888889
1 0.52265625 0.9722222222222222 0.0078125 0.012962962962962964
0 0.4783854166666667 0.5282407407407408 0.6088541666666667 0.9435185185185185
2 0.490625 0.6101851851851852 0.00625 0.011111111111111112
3 0.4908854166666667 0.6148148148148148 0.12135416666666667 0.20555555555555557
