1 0.3111979166666667 0.13055555555555556 0.008854166666666666 0.012962962962962964
1 0.28828125 0.2986111111111111 0.0078125 0.012037037037037037
1 0.346875 0.23194444444444445 0.009375 0.01388888888888889
1 0.3716145833333333 0.2967592592592593 0.009895833333333333 0.012037037037037037
1 0.24973958333333332 0.44722222222222224 0.009895833333333333 0.012962962962962964
1 0.26276041666666666 0.4865740740740741 0.008854166666666666 0.01388888888888889
1 0.28541666666666665 0.563425925925926 0.009375 0.015740740740740743
1 0.27317708333333335 0.638425925925926 0.008854166666666666 0.01388888888888889
1 0.253125 0.6902777777777778 0.008333333333333333 0.01388888888888889
1 0.24036458333333333 0.7708333333333334 0.008854166666666666 0.01388888888888889
1 0.32109375 0.5333333333333333 0.0078125 0.012962962962962964
1 0.33671875 0.6907407407407408 0.008854166666666666 0.014814814814814815
1 0.35833333333333334 0.42685185185185187 0.007291666666666667 0.011111111111111112
1 0.35911458333333335 0.5046296296296297 0.0067708333333333336 0.014814814814814815
1 0.34375 0.5712962962962963 0.008333333333333333 0.011111111111111112
1 0.40182291666666664 0.39166666666666666 0.0078125 0.009259259259259259
1 0.3966145833333333 0.45046296296296295 0.0067708333333333336 0.010185185185185186
1 0.39140625 0.49768518518518523 0.005729166666666666 0.01388888888888889
1 0.3984375 0.49768518518518523 0.007291666666666667 0.012037037037037037
1 0.43203125 0.5291666666666667 0.0067708333333333336 0.010185185185185186
1 0.4296875 0.625925925925926 0.007291666666666667 0.012962962962962964
1 0.43723958333333335 0.8550925925925926 0.009895833333333333 0.01388888888888889
1 0.4557291666666667 0.5435185185185185 0.007291666666666667 0.011111111111111112
1 0.5130208333333334 0.325 0.007291666666666667 0.009259259259259259
1 0.5005208333333333 0.3472222222222222 0.007291666666666667 0.011111111111111112
1 0.5348958333333333 0.3699074074074074 0.007291666666666667 0.012037037037037037
1 0.5098958333333333 0.4222222222222222 0.009375 0.012962962962962964
1 0.5994791666666667 0.4486111111111111 0.00625 0.012037037037037037
1 0.6330729166666667 0.6 0.0078125 0.012962962962962964
1 0.5575520833333333 0.6638888888888889 0.008854166666666666 0.012962962962962964
1 0.490625 0.7189814814814816 0.009375 0.01388888888888889
0 0.4283854166666667 0.45787037037037037 0.6109375 0.9064814814814816
2 0.43515624999999997 0.48564814814814816 0.008854166666666666 0.010185185185185186
3 0.43645833333333334 0.48703703703703705 0.128125 0.18333333333333335
