1 0.5614583333333333 0.5398148148148149 0.007291666666666667 0.014814814814814815
1 0.5125 0.6916666666666667 0.007291666666666667 0.014814814814814815
1 0.5411458333333333 0.6550925925925927 0.007291666666666667 0.01388888888888889
1 0.5255208333333333 0.763425925925926 0.007291666666666667 0.017592592592592594
1 0.6171875 0.587037037037037 0.00625 0.011111111111111112
1 0.61484375 0.6060185185185185 0.0067708333333333336 0.01388888888888889
1 0.6442708333333333 0.5791666666666667 0.007291666666666667 0.012037037037037037
1 0.621875 0.6824074074074075 0.007291666666666667 0.012962962962962964
1 0.6684895833333333 0.6231481481481481 0.0078125 0.012962962962962964
1 0.65390625 0.6509259259259259 0.0078125 0.011111111111111112
1 0.6502604166666667 0.674074074074074 0.0078125 0.012962962962962964
1 0.7239583333333334 0.6291666666666667 0.007291666666666667 0.01388888888888889
1 0.7078125 0.7472222222222222 0.00625 0.012962962962962964
0 0.42994791666666665 0.46296296296296297 0.6036458333333333 0.9203703703703704
2 0.4380208333333333 0.5240740740740741 0.003125 0.005555555555555556
3 0.43671875 0.5203703703703704 0.12135416666666667 0.19814814814814816
