1 0.5598958333333334 0.5430555555555556 0.007291666666666667 0.01388888888888889
1 0.5408854166666667 0.6592592592592593 0.0067708333333333336 0.012962962962962964
1 0.5111979166666667 0.6953703703703704 0.0078125 0.012962962962962964
1 0.5252604166666667 0.7680555555555556 0.0067708333333333336 0.015740740740740743
1 0.61640625 0.5916666666666667 0.005729166666666666 0.011111111111111112
1 0.6135416666666667 0.6106481481481482 0.007291666666666667 0.010185185185185186
1 0.6434895833333333 0.5842592592592593 0.005729166666666666 0.012962962962962964
1 0.6221354166666666 0.6865740740740741 0.0067708333333333336 0.012037037037037037
1 0.6684895833333333 0.6268518518518519 0.0078125 0.012962962962962964
1 0.6528645833333333 0.6550925925925927 0.0067708333333333336 0.010185185185185186
1 0.6502604166666667 0.6787037037037037 0.0078125 0.007407407407407408
1 0.72265625 0.6328703703703704 0.0078125 0.012037037037037037
1 0.7067708333333333 0.750462962962963 0.007291666666666667 0.012037037037037037
0 0.43359375 0.4587962962962963 0.6067708333333334 0.9046296296296297
2 0.4354166666666667 0.5282407407407408 0.0020833333333333333 0.006481481481481482
3 0.43776041666666665 0.525462962962963 0.12343749999999999 0.1953703703703704
