1 0.5625 0.1388888888888889 0.007291666666666667 0.011111111111111112
1 0.30833333333333335 0.12638888888888888 0.007291666666666667 0.012037037037037037
1 0.3458333333333333 0.2263888888888889 0.009375 0.017592592592592594
1 0.2877604166666667 0.2935185185185185 0.0078125 0.018518518518518517
1 0.40338541666666666 0.275 0.0067708333333333336 0.014814814814814815
1 0.37057291666666664 0.29305555555555557 0.008854166666666666 0.010185185185185186
1 0.24947916666666667 0.4430555555555556 0.008333333333333333 0.017592592592592594
1 0.26015625 0.48194444444444445 0.011979166666666666 0.012037037037037037
1 0.28463541666666664 0.5597222222222222 0.009895833333333333 0.01388888888888889
1 0.271875 0.6324074074074074 0.008333333333333333 0.011111111111111112
1 0.2513020833333333 0.6824074074074075 0.008854166666666666 0.014814814814814815
1 0.23854166666666665 0.7648148148148148 0.009375 0.012962962962962964
1 0.43697916666666664 0.85 0.009375 0.012962962962962964
1 0.3578125 0.4226851851851852 0.007291666666666667 0.015740740740740743
1 0.3208333333333333 0.5291666666666667 0.007291666666666667 0.01388888888888889
1 0.35859375 0.5013888888888889 0.0067708333333333336 0.01388888888888889
1 0.3609375 0.5231481481481481 0.00625 0.012962962962962964
1 0.34296875 0.5666666666666667 0.009895833333333333 0.012962962962962964
1 0.334375 0.6851851851851852 0.011458333333333333 0.016666666666666666
1 0.4010416666666667 0.3875 0.009375 0.008333333333333333
1 0.5125 0.32222222222222224 0.008333333333333333 0.012962962962962964
1 0.5 0.34305555555555556 0.007291666666666667 0.015740740740740743
1 0.53359375 0.3652777777777778 0.0078125 0.010185185185185186
1 0.509375 0.41805555555555557 0.010416666666666666 0.012037037037037037
1 0.3963541666666667 0.4462962962962963 0.007291666666666667 0.011111111111111112
1 0.4119791666666667 0.43472222222222223 0.008333333333333333 0.012037037037037037
1 0.39010416666666664 0.49444444444444446 0.00625 0.016666666666666666
1 0.39739583333333334 0.4949074074074074 0.007291666666666667 0.017592592592592594
1 0.44817708333333334 0.5074074074074074 0.0067708333333333336 0.012962962962962964
1 0.43072916666666666 0.5259259259259259 0.007291666666666667 0.011111111111111112
1 0.4552083333333333 0.5416666666666667 0.008333333333333333 0.011111111111111112
1 0.4309895833333333 0.600462962962963 0.0078125 0.012037037037037037
1 0.4296875 0.6236111111111111 0.010416666666666666 0.01388888888888889
1 0.44557291666666665 0.5662037037037038 0.0078125 0.012037037037037037
1 0.45260416666666664 0.5657407407407408 0.00625 0.020370370370370372
1 0.45729166666666665 0.6708333333333334 0.010416666666666666 0.01388888888888889
1 0.4895833333333333 0.7162037037037037 0.008333333333333333 0.01388888888888889
1 0.55625 0.6611111111111111 0.007291666666666667 0.012962962962962964
1 0.6328125 0.5967592592592593 0.005208333333333333 0.015740740740740743
1 0.6002604166666666 0.4462962962962963 0.008854166666666666 0.014814814814814815
0 0.4283854166666667 0.45787037037037037 0.6109375 0.9027777777777778
2 0.43046875 0.47870370370370374 0.0036458333333333334 0.003703703703703704
3 0.434375 0.48333333333333334 0.12604166666666666 0.18888888888888888
