1 0.5627604166666667 0.13935185185185187 0.0078125 0.012037037037037037
1 0.3098958333333333 0.12592592592592594 0.008333333333333333 0.011111111111111112
1 0.2864583333333333 0.2925925925925926 0.008333333333333333 0.011111111111111112
1 0.3458333333333333 0.22685185185185186 0.010416666666666666 0.014814814814814815
1 0.37109375 0.29444444444444445 0.008854166666666666 0.011111111111111112
1 0.40260416666666665 0.274537037037037 0.009375 0.008333333333333333
1 0.25 0.4439814814814815 0.0125 0.01388888888888889
1 0.2604166666666667 0.48240740740740745 0.008333333333333333 0.014814814814814815
1 0.28359375 0.5606481481481481 0.008854166666666666 0.01388888888888889
1 0.271875 0.6333333333333333 0.007291666666666667 0.014814814814814815
1 0.2520833333333333 0.6847222222222222 0.010416666666666666 0.019444444444444445
1 0.23776041666666667 0.7652777777777778 0.009895833333333333 0.01388888888888889
1 0.4002604166666667 0.38842592592592595 0.0067708333333333336 0.012037037037037037
1 0.3578125 0.42129629629629634 0.007291666666666667 0.011111111111111112
1 0.32057291666666665 0.5287037037037037 0.009895833333333333 0.012962962962962964
1 0.3421875 0.5675925925925926 0.007291666666666667 0.014814814814814815
1 0.35859375 0.5 0.005729166666666666 0.014814814814814815
1 0.36041666666666666 0.5231481481481481 0.007291666666666667 0.014814814814814815
1 0.396875 0.44722222222222224 0.009375 0.011111111111111112
1 0.3346354166666667 0.6861111111111111 0.008854166666666666 0.012962962962962964
1 0.43515624999999997 0.850462962962963 0.008854166666666666 0.012037037037037037
1 0.390625 0.49444444444444446 0.00625 0.016666666666666666
1 0.39765625 0.49583333333333335 0.0078125 0.01388888888888889
1 0.5114583333333333 0.3212962962962963 0.007291666666666667 0.011111111111111112
1 0.49921875 0.3425925925925926 0.0067708333333333336 0.011111111111111112
1 0.53359375 0.36712962962962964 0.0067708333333333336 0.015740740740740743
1 0.5083333333333333 0.4185185185185185 0.009375 0.011111111111111112
1 0.44817708333333334 0.5069444444444444 0.0067708333333333336 0.012037037037037037
1 0.4317708333333333 0.5259259259259259 0.007291666666666667 0.011111111111111112
1 0.4557291666666667 0.5393518518518519 0.007291666666666667 0.012037037037037037
1 0.4453125 0.5648148148148149 0.00625 0.012962962962962964
1 0.45234375 0.5652777777777778 0.0078125 0.01388888888888889
1 0.43046875 0.600462962962963 0.008854166666666666 0.01388888888888889
1 0.42942708333333335 0.6236111111111111 0.0109375 0.012037037037037037
1 0.4583333333333333 0.6712962962962963 0.007291666666666667 0.014814814814814815
1 0.48932291666666666 0.7162037037037037 0.008854166666666666 0.01388888888888889
1 0.5559895833333334 0.6597222222222222 0.0078125 0.015740740740740743
1 0.6333333333333333 0.5976851851851852 0.007291666666666667 0.012037037037037037
1 0.5994791666666667 0.4462962962962963 0.007291666666666667 0.011111111111111112
0 0.42994791666666665 0.4569444444444445 0.6098958333333333 0.9083333333333333
2 0.4322916666666667 0.4777777777777778 0.0 0.001851851851851852
3 0.43307291666666664 0.4814814814814815 0.1265625 0.18888888888888888
