1 0.5625 0.13796296296296298 0.010416666666666666 0.012962962962962964
1 0.309375 0.12268518518518519 0.008333333333333333 0.012037037037037037
1 0.3450520833333333 0.22453703703703703 0.008854166666666666 0.015740740740740743
1 0.2869791666666667 0.2939814814814815 0.010416666666666666 0.01388888888888889
1 0.403125 0.2726851851851852 0.008333333333333333 0.012037037037037037
1 0.37083333333333335 0.29212962962962963 0.009375 0.010185185185185186
1 0.24921875 0.44351851851851853 0.008854166666666666 0.012962962962962964
1 0.2598958333333333 0.4814814814814815 0.009375 0.011111111111111112
1 0.284375 0.5597222222222222 0.009375 0.017592592592592594
1 0.271875 0.6319444444444444 0.007291666666666667 0.010185185185185186
1 0.25078125 0.6824074074074075 0.0078125 0.012962962962962964
1 0.23802083333333332 0.762962962962963 0.008333333333333333 0.012962962962962964
1 0.32057291666666665 0.5291666666666667 0.008854166666666666 0.01388888888888889
1 0.3421875 0.5666666666666667 0.010416666666666666 0.014814814814814815
1 0.33489583333333334 0.6837962962962963 0.008333333333333333 0.01388888888888889
1 0.4002604166666667 0.38703703703703707 0.0078125 0.011111111111111112
1 0.3580729166666667 0.4203703703703704 0.0078125 0.011111111111111112
1 0.35885416666666664 0.4990740740740741 0.007291666666666667 0.011111111111111112
1 0.36041666666666666 0.5236111111111111 0.007291666666666667 0.015740740740740743
1 0.39609375 0.4462962962962963 0.0078125 0.011111111111111112
1 0.39036458333333335 0.4930555555555556 0.0067708333333333336 0.015740740740740743
1 0.3971354166666667 0.49444444444444446 0.0067708333333333336 0.014814814814814815
1 0.5125 0.3212962962962963 0.007291666666666667 0.011111111111111112
1 0.49973958333333335 0.3416666666666667 0.005729166666666666 0.009259259259259259
1 0.5338541666666666 0.3648148148148148 0.00625 0.011111111111111112
1 0.5088541666666666 0.41805555555555557 0.007291666666666667 0.010185185185185186
1 0.4479166666666667 0.5060185185185185 0.00625 0.010185185185185186
1 0.4317708333333333 0.524537037037037 0.008333333333333333 0.01388888888888889
1 0.4552083333333333 0.5388888888888889 0.00625 0.011111111111111112
1 0.45208333333333334 0.5620370370370371 0.008333333333333333 0.012962962962962964
1 0.4315104166666667 0.5995370370370371 0.008854166666666666 0.012037037037037037
1 0.42942708333333335 0.6217592592592592 0.008854166666666666 0.012037037037037037
1 0.4583333333333333 0.6703703703703704 0.007291666666666667 0.012962962962962964
1 0.4895833333333333 0.7148148148148148 0.007291666666666667 0.012962962962962964
1 0.43723958333333335 0.8490740740740741 0.0078125 0.012962962962962964
1 0.5989583333333334 0.4439814814814815 0.005208333333333333 0.012037037037037037
1 0.5565104166666667 0.6601851851851852 0.0078125 0.011111111111111112
1 0.63359375 0.5972222222222222 0.0109375 0.011111111111111112
0 0.42994791666666665 0.4550925925925926 0.6098958333333333 0.9083333333333333
2 0.43385416666666665 0.4800925925925926 0.003125 0.002777777777777778
3 0.43359375 0.4814814814814815 0.12760416666666666 0.19444444444444445
