1 0.5520833333333334 0.563425925925926 0.008333333333333333 0.010185185185185186
1 0.5330729166666667 0.6819444444444445 0.0067708333333333336 0.012037037037037037
1 0.5044270833333333 0.7166666666666667 0.009895833333333333 0.012962962962962964
1 0.5177083333333333 0.7916666666666667 0.00625 0.014814814814814815
1 0.6354166666666666 0.6092592592592593 0.007291666666666667 0.011111111111111112
1 0.6091145833333333 0.6180555555555556 0.0078125 0.012037037037037037
1 0.6059895833333333 0.6370370370370371 0.005729166666666666 0.011111111111111112
1 0.6591145833333333 0.6462962962962964 0.0067708333333333336 0.011111111111111112
1 0.6447916666666667 0.6759259259259259 0.00625 0.009259259259259259
1 0.6416666666666666 0.6986111111111112 0.008333333333333333 0.012037037037037037
1 0.6140625 0.7115740740740741 0.00625 0.008333333333333333
1 0.71328125 0.6532407407407408 0.0067708333333333336 0.012037037037037037
1 0.6979166666666666 0.7694444444444445 0.007291666666666667 0.011111111111111112
0 0.42213541666666665 0.4712962962962963 0.6078125 0.9370370370370371
2 0.42864583333333334 0.5481481481481482 0.004166666666666667 0.003703703703703704
3 0.42890625 0.5472222222222223 0.1203125 0.19814814814814816
