1 0.55546875 0.5550925925925926 0.008854166666666666 0.01388888888888889
1 0.5359375 0.6726851851851852 0.00625 0.015740740740740743
1 0.5067708333333333 0.7078703703703704 0.008333333333333333 0.01388888888888889
1 0.52109375 0.7819444444444444 0.0067708333333333336 0.015740740740740743
1 0.6119791666666666 0.6087962962962963 0.007291666666666667 0.01388888888888889
1 0.609375 0.6263888888888889 0.008333333333333333 0.01388888888888889
1 0.6380208333333334 0.5981481481481482 0.007291666666666667 0.012962962962962964
1 0.6174479166666667 0.701388888888889 0.008854166666666666 0.012037037037037037
1 0.6625 0.6407407407407407 0.008333333333333333 0.011111111111111112
1 0.6479166666666667 0.6689814814814815 0.007291666666666667 0.012037037037037037
1 0.6450520833333333 0.6907407407407408 0.0078125 0.012962962962962964
1 0.7171875 0.6476851851851853 0.007291666666666667 0.01388888888888889
1 0.7005208333333334 0.7625000000000001 0.007291666666666667 0.01388888888888889
0 0.4244791666666667 0.46574074074074073 0.6072916666666667 0.9296296296296297
2 0.43203125 0.537962962962963 0.0046875 0.005555555555555556
3 0.4302083333333333 0.5333333333333333 0.125 0.20185185185185187
