1 0.5528645833333333 0.13425925925925927 0.009895833333333333 0.012962962962962964
1 0.33515625 0.21944444444444444 0.0109375 0.011111111111111112
1 0.29973958333333334 0.11898148148148148 0.0109375 0.01388888888888889
1 0.27734375 0.28611111111111115 0.008854166666666666 0.014814814814814815
1 0.39401041666666664 0.26805555555555555 0.0078125 0.010185185185185186
1 0.36015625 0.28611111111111115 0.009895833333333333 0.012962962962962964
1 0.23880208333333333 0.4342592592592593 0.009895833333333333 0.014814814814814815
1 0.25 0.47361111111111115 0.010416666666666666 0.015740740740740743
1 0.27369791666666665 0.5523148148148148 0.009895833333333333 0.01388888888888889
1 0.26145833333333335 0.625 0.008333333333333333 0.011111111111111112
1 0.240625 0.6768518518518519 0.008333333333333333 0.016666666666666666
1 0.228125 0.7587962962962963 0.008333333333333333 0.017592592592592594
1 0.20416666666666666 0.8472222222222222 0.010416666666666666 0.012962962962962964
1 0.303125 0.8069444444444445 0.008333333333333333 0.015740740740740743
1 0.32395833333333335 0.6782407407407408 0.010416666666666666 0.01388888888888889
1 0.34375 0.8143518518518519 0.009375 0.017592592592592594
1 0.30963541666666666 0.5194444444444445 0.0067708333333333336 0.012962962962962964
1 0.34791666666666665 0.412962962962963 0.009375 0.012962962962962964
1 0.36484375 0.39490740740740743 0.0067708333333333336 0.01388888888888889
1 0.39010416666666664 0.3791666666666667 0.007291666666666667 0.012037037037037037
1 0.34791666666666665 0.4916666666666667 0.00625 0.012962962962962964
1 0.3497395833333333 0.5148148148148148 0.0078125 0.014814814814814815
1 0.33151041666666664 0.5592592592592592 0.009895833333333333 0.016666666666666666
1 0.3572916666666667 0.8935185185185186 0.007291666666666667 0.012962962962962964
1 0.390625 0.837962962962963 0.007291666666666667 0.012962962962962964
1 0.425 0.8425925925925927 0.009375 0.012962962962962964
1 0.44869791666666664 0.8398148148148148 0.008854166666666666 0.012962962962962964
1 0.38515625 0.4375 0.008854166666666666 0.012037037037037037
1 0.40208333333333335 0.4273148148148148 0.008333333333333333 0.012037037037037037
1 0.37916666666666665 0.48333333333333334 0.00625 0.014814814814814815
1 0.38645833333333335 0.4842592592592593 0.007291666666666667 0.016666666666666666
1 0.4203125 0.5171296296296296 0.008333333333333333 0.010185185185185186
1 0.4192708333333333 0.5925925925925926 0.009375 0.011111111111111112
1 0.4184895833333333 0.6148148148148148 0.009895833333333333 0.012962962962962964
1 0.5026041666666666 0.31527777777777777 0.007291666666666667 0.008333333333333333
1 0.48984374999999997 0.3351851851851852 0.0078125 0.012962962962962964
1 0.4783854166666667 0.4087962962962963 0.008854166666666666 0.012037037037037037
1 0.49765624999999997 0.41064814814814815 0.0067708333333333336 0.012037037037037037
1 0.5239583333333333 0.3592592592592593 0.007291666666666667 0.011111111111111112
1 0.5247395833333334 0.46435185185185185 0.008854166666666666 0.012037037037037037
1 0.5447916666666667 0.42592592592592593 0.00625 0.009259259259259259
1 0.5880208333333333 0.4365740740740741 0.009375 0.010185185185185186
1 0.43697916666666664 0.5 0.00625 0.011111111111111112
1 0.4453125 0.5324074074074074 0.007291666666666667 0.011111111111111112
1 0.434375 0.5564814814814815 0.00625 0.012962962962962964
1 0.44088541666666664 0.5574074074074075 0.0067708333333333336 0.016666666666666666
1 0.6216145833333333 0.587962962962963 0.0078125 0.014814814814814815
1 0.4471354166666667 0.6620370370370371 0.0067708333333333336 0.012962962962962964
1 0.47760416666666666 0.7055555555555556 0.008333333333333333 0.012962962962962964
1 0.5455729166666666 0.6513888888888889 0.0078125 0.01388888888888889
1 0.55859375 0.799537037037037 0.008854166666666666 0.01388888888888889
0 0.41744791666666664 0.45231481481481484 0.6088541666666667 0.9027777777777778
2 0.42083333333333334 0.47222222222222227 0.0010416666666666667 0.005555555555555556
3 0.4231770833333333 0.47314814814814815 0.12447916666666667 0.18888888888888888
