1 0.30885416666666665 0.12638888888888888 0.008333333333333333 0.008333333333333333
1 0.39921875 0.3861111111111111 0.0078125 0.014814814814814815
1 0.2596354166666667 0.4810185185185185 0.009895833333333333 0.012037037037037037
1 0.3572916666666667 0.4962962962962963 0.00625 0.012962962962962964
1 0.4296875 0.6194444444444445 0.008333333333333333 0.012962962962962964
1 0.48932291666666666 0.7134259259259259 0.0078125 0.015740740740740743
1 0.5565104166666667 0.6597222222222222 0.0078125 0.012037037037037037
0 0.43046875 0.4569444444444445 0.6026041666666666 0.9083333333333333
2 0.43255208333333334 0.47870370370370374 0.0036458333333333334 0.003703703703703704
3 0.43307291666666664 0.47962962962962963 0.1265625 0.18888888888888888
