1 0.5661458333333333 0.24166666666666667 0.009375 0.014814814814814815
1 0.5434895833333333 0.24027777777777778 0.008854166666666666 0.012037037037037037
1 0.5091145833333334 0.2606481481481482 0.0078125 0.01388888888888889
1 0.4888020833333333 0.2902777777777778 0.0078125 0.015740740740740743
1 0.5018229166666667 0.325 0.0067708333333333336 0.014814814814814815
1 0.63984375 0.33101851851851855 0.008854166666666666 0.01388888888888889
1 0.40781249999999997 0.4615740740740741 0.007291666666666667 0.012037037037037037
1 0.47994791666666664 0.4652777777777778 0.0078125 0.012037037037037037
1 0.5864583333333333 0.4328703703703704 0.009375 0.015740740740740743
1 0.5901041666666667 0.44351851851851853 0.007291666666666667 0.012962962962962964
1 0.6934895833333333 0.42592592592592593 0.008854166666666666 0.014814814814814815
1 0.5450520833333333 0.8814814814814815 0.0078125 0.014814814814814815
0 0.44244791666666666 0.4550925925925926 0.6067708333333334 0.8935185185185186
2 0.44505208333333335 0.48703703703703705 0.0026041666666666665 0.007407407407407408
3 0.4458333333333333 0.48379629629629634 0.121875 0.19722222222222224
