1 0.34348958333333335 0.2300925925925926 0.008854166666666666 0.01388888888888889
1 0.3072916666666667 0.1287037037037037 0.009375 0.011111111111111112
1 0.28541666666666665 0.2976851851851852 0.010416666666666666 0.01388888888888889
1 0.25885416666666666 0.4828703703703704 0.010416666666666666 0.01388888888888889
1 0.3997395833333333 0.3912037037037037 0.0078125 0.01388888888888889
1 0.53203125 0.3699074074074074 0.008854166666666666 0.015740740740740743
1 0.35625 0.500925925925926 0.007291666666666667 0.012962962962962964
1 0.39375 0.44907407407407407 0.007291666666666667 0.012962962962962964
1 0.38828125 0.4953703703703704 0.0067708333333333336 0.016666666666666666
1 0.39609375 0.4967592592592593 0.0078125 0.015740740740740743
1 0.4536458333333333 0.5425925925925926 0.008333333333333333 0.012962962962962964
1 0.4276041666666667 0.6240740740740741 0.011458333333333333 0.012962962962962964
1 0.48776041666666664 0.7189814814814816 0.008854166666666666 0.01388888888888889
1 0.5541666666666667 0.662962962962963 0.008333333333333333 0.012962962962962964
1 0.5973958333333333 0.44953703703703707 0.010416666666666666 0.012037037037037037
0 0.4263020833333333 0.4587962962962963 0.6109375 0.9120370370370371
2 0.4315104166666667 0.48194444444444445 0.0036458333333333334 0.006481481481481482
3 0.4322916666666667 0.4847222222222222 0.125 0.18796296296296297
