1 0.6015625 0.05694444444444444 0.00625 0.010185185185185186
1 0.5229166666666667 0.1050925925925926 0.009375 0.01388888888888889
1 0.7216145833333333 0.35324074074074074 0.0078125 0.012037037037037037
1 0.65703125 0.35000000000000003 0.008854166666666666 0.012962962962962964
1 0.6630208333333333 0.3689814814814815 0.005208333333333333 0.012037037037037037
1 0.64453125 0.41712962962962963 0.005729166666666666 0.017592592592592594
1 0.6895833333333333 0.42685185185185187 0.010416666666666666 0.012962962962962964
1 0.7130208333333333 0.475462962962963 0.007291666666666667 0.01388888888888889
1 0.6872395833333333 0.47361111111111115 0.008854166666666666 0.01388888888888889
1 0.6864583333333333 0.5240740740740741 0.009375 0.014814814814814815
1 0.8018229166666666 0.6657407407407407 0.0067708333333333336 0.012962962962962964
1 0.6674479166666667 0.46481481481481485 0.0078125 0.011111111111111112
1 0.6578125 0.4861111111111111 0.009375 0.014814814814814815
1 0.6375 0.49212962962962964 0.009375 0.01388888888888889
1 0.64296875 0.5287037037037037 0.0067708333333333336 0.014814814814814815
1 0.6296875 0.5805555555555556 0.009375 0.014814814814814815
1 0.6059895833333333 0.5152777777777778 0.0067708333333333336 0.01388888888888889
1 0.5875 0.5189814814814815 0.00625 0.017592592592592594
1 0.5622395833333333 0.5300925925925926 0.008854166666666666 0.01388888888888889
1 0.59296875 0.3597222222222222 0.008854166666666666 0.012037037037037037
1 0.5533854166666666 0.4273148148148148 0.008854166666666666 0.01388888888888889
1 0.6044270833333333 0.7361111111111112 0.005729166666666666 0.012962962962962964
1 0.6013020833333333 0.7870370370370371 0.0078125 0.014814814814814815
1 0.5815104166666667 0.7111111111111111 0.005729166666666666 0.009259259259259259
1 0.5729166666666666 0.7189814814814816 0.005208333333333333 0.01388888888888889
1 0.5708333333333333 0.7407407407407408 0.005208333333333333 0.011111111111111112
1 0.5515625 0.7708333333333334 0.007291666666666667 0.01388888888888889
1 0.5325520833333334 0.6847222222222222 0.008854166666666666 0.012037037037037037
1 0.5369791666666667 0.7143518518518519 0.007291666666666667 0.01388888888888889
1 0.5286458333333334 0.5393518518518519 0.007291666666666667 0.01388888888888889
1 0.5111979166666667 0.750925925925926 0.0078125 0.011111111111111112
1 0.4921875 0.7662037037037037 0.00625 0.01388888888888889
1 0.50625 0.6601851851851852 0.00625 0.012962962962962964
1 0.4973958333333333 0.28611111111111115 0.007291666666666667 0.012962962962962964
1 0.4744791666666667 0.39814814814814814 0.00625 0.012962962962962964
1 0.5018229166666667 0.4726851851851852 0.008854166666666666 0.012037037037037037
1 0.5013020833333334 0.5152777777777778 0.0078125 0.012037037037037037
1 0.48020833333333335 0.6305555555555555 0.007291666666666667 0.012962962962962964
1 0.4674479166666667 0.5796296296296296 0.0067708333333333336 0.012962962962962964
1 0.4578125 0.47824074074074074 0.007291666666666667 0.012037037037037037
1 0.43671875 0.549537037037037 0.0078125 0.012037037037037037
1 0.4421875 0.6532407407407408 0.00625 0.012037037037037037
1 0.43203125 0.6453703703703704 0.0067708333333333336 0.012962962962962964
1 0.3729166666666667 0.3685185185185185 0.007291666666666667 0.012962962962962964
1 0.4106770833333333 0.5027777777777778 0.0078125 0.012962962962962964
1 0.3768229166666667 0.5861111111111111 0.0078125 0.011111111111111112
0 0.55859375 0.37777777777777777 0.5130208333333334 0.75
2 0.55625 0.40092592592592596 0.0010416666666666667 0.009259259259259259
3 0.5572916666666666 0.4 0.10208333333333333 0.18333333333333335
