1 0.64140625 0.18703703703703706 0.0067708333333333336 0.012962962962962964
1 0.6567708333333333 0.23101851851851854 0.00625 0.017592592592592594
1 0.6236979166666666 0.20277777777777778 0.009895833333333333 0.014814814814814815
1 0.6067708333333334 0.27824074074074073 0.007291666666666667 0.015740740740740743
1 0.7028645833333333 0.3421296296296296 0.0067708333333333336 0.01388888888888889
1 0.5690104166666666 0.3125 0.0067708333333333336 0.01388888888888889
1 0.5697916666666667 0.5912037037037037 0.009375 0.015740740740740743
1 0.43776041666666665 0.7481481481481482 0.008854166666666666 0.012962962962962964
1 0.6276041666666666 0.6046296296296296 0.007291666666666667 0.011111111111111112
1 0.6401041666666667 0.6203703703703703 0.00625 0.011111111111111112
1 0.6171875 0.7384259259259259 0.008333333333333333 0.01388888888888889
1 0.6770833333333334 0.6486111111111111 0.00625 0.015740740740740743
1 0.7703125 0.6652777777777779 0.00625 0.015740740740740743
1 0.49505208333333334 0.9 0.0078125 0.014814814814814815
0 0.62578125 0.549537037037037 0.49635416666666665 0.8083333333333333
2 0.621875 0.6430555555555556 0.004166666666666667 0.004629629629629629
3 0.621875 0.6347222222222223 0.09583333333333333 0.16203703703703703
