1 0.5221354166666666 0.10833333333333334 0.008854166666666666 0.011111111111111112
1 0.37213541666666666 0.37222222222222223 0.0078125 0.011111111111111112
1 0.4557291666666667 0.4810185185185185 0.007291666666666667 0.01388888888888889
1 0.56171875 0.5324074074074074 0.0067708333333333336 0.014814814814814815
1 0.6046875 0.5175925925925926 0.008333333333333333 0.012962962962962964
1 0.68359375 0.5263888888888889 0.008854166666666666 0.01388888888888889
1 0.6859375 0.4763888888888889 0.007291666666666667 0.01388888888888889
1 0.7208333333333333 0.35694444444444445 0.00625 0.01388888888888889
1 0.5700520833333333 0.7430555555555556 0.0067708333333333336 0.008333333333333333
0 0.5572916666666666 0.38287037037037036 0.5135416666666667 0.7564814814814815
2 0.5541666666666667 0.4064814814814815 0.003125 0.005555555555555556
3 0.5546875 0.40324074074074073 0.103125 0.18425925925925926
