1 0.6018229166666667 0.05648148148148149 0.0078125 0.012962962962962964
1 0.5229166666666667 0.10462962962962963 0.007291666666666667 0.011111111111111112
1 0.49713541666666666 0.2888888888888889 0.005729166666666666 0.012962962962962964
1 0.7221354166666667 0.35185185185185186 0.0067708333333333336 0.014814814814814815
1 0.8005208333333333 0.662962962962963 0.007291666666666667 0.014814814814814815
1 0.7138020833333333 0.47453703703703703 0.0067708333333333336 0.012037037037037037
1 0.6567708333333333 0.34953703703703703 0.008333333333333333 0.010185185185185186
1 0.6622395833333333 0.3689814814814815 0.0067708333333333336 0.01388888888888889
1 0.6893229166666667 0.4273148148148148 0.008854166666666666 0.010185185185185186
1 0.6869791666666667 0.47453703703703703 0.00625 0.012037037037037037
1 0.6854166666666667 0.5240740740740741 0.007291666666666667 0.014814814814814815
1 0.6674479166666667 0.46620370370370373 0.0078125 0.012037037037037037
1 0.6440104166666667 0.41574074074074074 0.0067708333333333336 0.012962962962962964
1 0.6578125 0.4865740740740741 0.007291666666666667 0.012037037037037037
1 0.6369791666666667 0.4916666666666667 0.007291666666666667 0.012962962962962964
1 0.6424479166666667 0.5287037037037037 0.005729166666666666 0.011111111111111112
1 0.6283854166666667 0.5805555555555556 0.0078125 0.014814814814814815
1 0.6046875 0.737037037037037 0.008333333333333333 0.009259259259259259
1 0.6010416666666667 0.7861111111111111 0.007291666666666667 0.012962962962962964
1 0.5815104166666667 0.712037037037037 0.0067708333333333336 0.011111111111111112
1 0.5736979166666667 0.7208333333333333 0.0067708333333333336 0.01388888888888889
1 0.5713541666666666 0.7425925925925926 0.00625 0.011111111111111112
1 0.5518229166666666 0.7722222222222223 0.0067708333333333336 0.011111111111111112
1 0.5109375 0.7527777777777778 0.007291666666666667 0.009259259259259259
1 0.49166666666666664 0.7671296296296296 0.00625 0.012037037037037037
1 0.60546875 0.5162037037037037 0.0078125 0.01388888888888889
1 0.5934895833333333 0.3601851851851852 0.0078125 0.012962962962962964
1 0.58828125 0.5166666666666667 0.0078125 0.012962962962962964
1 0.5549479166666667 0.42824074074074076 0.0078125 0.012037037037037037
1 0.5614583333333333 0.5314814814814816 0.008333333333333333 0.012962962962962964
1 0.475 0.4 0.00625 0.014814814814814815
1 0.5020833333333333 0.47500000000000003 0.008333333333333333 0.016666666666666666
1 0.528125 0.5421296296296296 0.008333333333333333 0.015740740740740743
1 0.5322916666666666 0.6865740740740741 0.007291666666666667 0.012037037037037037
1 0.5369791666666667 0.7166666666666667 0.007291666666666667 0.014814814814814815
1 0.5072916666666667 0.6620370370370371 0.007291666666666667 0.012962962962962964
1 0.5015625 0.5171296296296296 0.007291666666666667 0.015740740740740743
1 0.4671875 0.5810185185185185 0.007291666666666667 0.01388888888888889
1 0.47994791666666664 0.6328703703703704 0.0067708333333333336 0.01388888888888889
1 0.4575520833333333 0.4800925925925926 0.0078125 0.012037037037037037
1 0.43645833333333334 0.5509259259259259 0.00625 0.011111111111111112
1 0.44244791666666666 0.6550925925925927 0.0067708333333333336 0.01388888888888889
1 0.4317708333333333 0.6467592592592593 0.007291666666666667 0.012037037037037037
1 0.4114583333333333 0.5060185185185185 0.007291666666666667 0.012037037037037037
1 0.3736979166666667 0.3712962962962963 0.0067708333333333336 0.012962962962962964
1 0.37734375 0.5898148148148148 0.0067708333333333336 0.014814814814814815
0 0.55859375 0.3703703703703704 0.5151041666666667 0.7388888888888889
2 0.5583333333333333 0.4027777777777778 0.005208333333333333 0.005555555555555556
3 0.55625 0.4041666666666667 0.10625 0.1787037037037037
