1 0.6356770833333333 0.18564814814814815 0.0078125 0.021296296296296296
1 0.6182291666666666 0.19907407407407407 0.008333333333333333 0.016666666666666666
1 0.65 0.22870370370370371 0.008333333333333333 0.016666666666666666
1 0.6013020833333333 0.27592592592592596 0.008854166666666666 0.018518518518518517
1 0.5619791666666667 0.3106481481481482 0.005208333333333333 0.012037037037037037
1 0.696875 0.33935185185185185 0.00625 0.017592592592592594
1 0.5651041666666666 0.5884259259259259 0.007291666666666667 0.015740740740740743
1 0.4317708333333333 0.7518518518518519 0.007291666666666667 0.016666666666666666
1 0.48984374999999997 0.9023148148148149 0.0067708333333333336 0.015740740740740743
1 0.6109375 0.737037037037037 0.00625 0.018518518518518517
1 0.6221354166666666 0.6 0.008854166666666666 0.014814814814814815
1 0.634375 0.6180555555555556 0.007291666666666667 0.01388888888888889
1 0.6721354166666667 0.6481481481481481 0.0067708333333333336 0.014814814814814815
1 0.7645833333333333 0.6625 0.009375 0.017592592592592594
0 0.6203125 0.5523148148148148 0.49166666666666664 0.8175925925925926
2 0.615625 0.6342592592592593 0.0 0.001851851851851852
3 0.6171875 0.6314814814814815 0.10104166666666667 0.16481481481481483
