1 0.6020833333333333 0.05694444444444444 0.00625 0.010185185185185186
1 0.5221354166666666 0.10555555555555556 0.0067708333333333336 0.011111111111111112
1 0.4966145833333333 0.28935185185185186 0.005729166666666666 0.012037037037037037
1 0.3731770833333333 0.3703703703703704 0.0078125 0.011111111111111112
1 0.3776041666666667 0.587962962962963 0.007291666666666667 0.011111111111111112
1 0.4114583333333333 0.5055555555555555 0.007291666666666667 0.011111111111111112
1 0.4744791666666667 0.40046296296296297 0.007291666666666667 0.01388888888888889
1 0.45703125 0.48055555555555557 0.005729166666666666 0.011111111111111112
1 0.4361979166666667 0.5513888888888889 0.005729166666666666 0.010185185185185186
1 0.4322916666666667 0.6472222222222223 0.00625 0.009259259259259259
1 0.44166666666666665 0.6541666666666667 0.007291666666666667 0.012037037037037037
1 0.46640624999999997 0.5819444444444445 0.0078125 0.012037037037037037
1 0.4791666666666667 0.6324074074074074 0.00625 0.009259259259259259
1 0.5013020833333334 0.47361111111111115 0.0067708333333333336 0.012037037037037037
1 0.5013020833333334 0.5175925925925926 0.0067708333333333336 0.009259259259259259
1 0.5067708333333333 0.6615740740740741 0.007291666666666667 0.012037037037037037
1 0.5109375 0.7518518518518519 0.00625 0.009259259259259259
1 0.60078125 0.7851851851851852 0.0067708333333333336 0.009259259259259259
1 0.5322916666666666 0.6856481481481482 0.00625 0.012037037037037037
1 0.53671875 0.7152777777777778 0.005729166666666666 0.012037037037037037
1 0.5705729166666667 0.7412037037037037 0.005729166666666666 0.010185185185185186
1 0.5731770833333333 0.7194444444444444 0.005729166666666666 0.012962962962962964
1 0.5807291666666666 0.7115740740740741 0.00625 0.010185185185185186
1 0.6049479166666667 0.7361111111111112 0.005729166666666666 0.009259259259259259
1 0.5270833333333333 0.5402777777777777 0.007291666666666667 0.012037037037037037
1 0.5927083333333333 0.3597222222222222 0.005208333333333333 0.008333333333333333
1 0.55390625 0.42824074074074076 0.0067708333333333336 0.012037037037037037
1 0.5614583333333333 0.5300925925925926 0.007291666666666667 0.012037037037037037
1 0.5869791666666666 0.5162037037037037 0.007291666666666667 0.012037037037037037
1 0.6057291666666667 0.5152777777777778 0.007291666666666667 0.012037037037037037
1 0.6625 0.3699074074074074 0.00625 0.012037037037037037
1 0.64453125 0.41574074074074074 0.0067708333333333336 0.011111111111111112
1 0.6369791666666667 0.49259259259259264 0.00625 0.011111111111111112
1 0.6291666666666667 0.5800925925925926 0.007291666666666667 0.01388888888888889
1 0.7221354166666667 0.35462962962962963 0.0067708333333333336 0.011111111111111112
1 0.6893229166666667 0.4273148148148148 0.0078125 0.012037037037037037
1 0.6666666666666666 0.46574074074074073 0.007291666666666667 0.011111111111111112
1 0.65625 0.4861111111111111 0.00625 0.011111111111111112
1 0.68671875 0.47453703703703703 0.0067708333333333336 0.012037037037037037
1 0.6841145833333333 0.5236111111111111 0.0067708333333333336 0.01388888888888889
1 0.7135416666666666 0.4763888888888889 0.00625 0.012037037037037037
0 0.5611979166666666 0.37962962962962965 0.5140625 0.7574074074074074
2 0.5557291666666666 0.40092592592592596 0.0020833333333333333 0.001851851851851852
3 0.5544270833333333 0.4 0.10989583333333333 0.18703703703703706
