1 0.490625 0.02361111111111111 0.007291666666666667 0.012037037037037037
1 0.54296875 0.1625 0.008854166666666666 0.01388888888888889
1 0.625 0.2726851851851852 0.011458333333333333 0.017592592592592594
1 0.4942708333333333 0.437962962962963 0.010416666666666666 0.014814814814814815
1 0.39348958333333334 0.7111111111111111 0.0109375 0.020370370370370372
1 0.2875 0.5467592592592593 0.009375 0.01388888888888889
1 0.6010416666666667 0.7564814814814815 0.009375 0.014814814814814815
0 0.56640625 0.47824074074074074 0.6640625 0.9398148148148149
2 0.5515625 0.4828703703703704 0.0020833333333333333 0.004629629629629629
3 0.5518229166666666 0.47361111111111115 0.13177083333333334 0.2138888888888889
