1 0.6015625 0.05740740740740741 0.008333333333333333 0.011111111111111112
1 0.5223958333333333 0.1050925925925926 0.008333333333333333 0.010185185185185186
1 0.49713541666666666 0.287962962962963 0.0067708333333333336 0.012962962962962964
1 0.7205729166666667 0.35370370370370374 0.0078125 0.014814814814814815
1 0.66171875 0.36944444444444446 0.009895833333333333 0.016666666666666666
1 0.64453125 0.41481481481481486 0.008854166666666666 0.014814814814814815
1 0.6864583333333333 0.47453703703703703 0.008333333333333333 0.01388888888888889
1 0.684375 0.525 0.00625 0.016666666666666666
1 0.6669270833333333 0.4666666666666667 0.0067708333333333336 0.014814814814814815
1 0.6567708333333333 0.48564814814814816 0.009375 0.015740740740740743
1 0.63671875 0.49259259259259264 0.0078125 0.011111111111111112
1 0.6294270833333333 0.5800925925925926 0.009895833333333333 0.012037037037037037
1 0.60625 0.5162037037037037 0.008333333333333333 0.01388888888888889
1 0.5872395833333334 0.5180555555555556 0.0078125 0.01388888888888889
1 0.5536458333333333 0.4300925925925926 0.00625 0.010185185185185186
1 0.5609375 0.5291666666666667 0.008333333333333333 0.01388888888888889
1 0.4739583333333333 0.4 0.007291666666666667 0.012962962962962964
1 0.5018229166666667 0.4740740740740741 0.0067708333333333336 0.009259259259259259
1 0.5005208333333333 0.5171296296296296 0.00625 0.012037037037037037
1 0.5276041666666667 0.5407407407407407 0.007291666666666667 0.011111111111111112
1 0.53203125 0.6861111111111111 0.0067708333333333336 0.009259259259259259
1 0.5372395833333333 0.7143518518518519 0.008854166666666666 0.010185185185185186
1 0.5104166666666666 0.7518518518518519 0.007291666666666667 0.012962962962962964
1 0.58046875 0.7125 0.005729166666666666 0.010185185185185186
1 0.571875 0.7194444444444444 0.005208333333333333 0.011111111111111112
1 0.5703125 0.7425925925925926 0.004166666666666667 0.011111111111111112
1 0.6033854166666667 0.737037037037037 0.0078125 0.011111111111111112
1 0.60078125 0.7856481481481482 0.0067708333333333336 0.01388888888888889
1 0.47994791666666664 0.6347222222222223 0.0067708333333333336 0.012037037037037037
1 0.4671875 0.5814814814814815 0.007291666666666667 0.011111111111111112
1 0.4328125 0.6481481481481481 0.008333333333333333 0.014814814814814815
1 0.4359375 0.5513888888888889 0.008333333333333333 0.012037037037037037
1 0.45703125 0.4810185185185185 0.0067708333333333336 0.01388888888888889
1 0.41015625 0.5064814814814815 0.008854166666666666 0.012962962962962964
1 0.371875 0.3699074074074074 0.007291666666666667 0.012037037037037037
1 0.3765625 0.587037037037037 0.007291666666666667 0.014814814814814815
0 0.55625 0.3787037037037037 0.5114583333333333 0.7555555555555555
2 0.55625 0.4027777777777778 0.0010416666666666667 0.001851851851851852
3 0.5567708333333333 0.40231481481481485 0.10520833333333333 0.1824074074074074
