1 0.575 0.08796296296296297 0.00625 0.012962962962962964
1 0.44869791666666664 0.2050925925925926 0.0067708333333333336 0.010185185185185186
1 0.4479166666666667 0.3472222222222222 0.008333333333333333 0.011111111111111112
1 0.44140625 0.3861111111111111 0.005729166666666666 0.011111111111111112
1 0.45026041666666666 0.4314814814814815 0.005729166666666666 0.012962962962962964
1 0.4497395833333333 0.45462962962962966 0.0046875 0.009259259259259259
1 0.45807291666666666 0.46111111111111114 0.0067708333333333336 0.012962962962962964
1 0.47109375 0.4689814814814815 0.0067708333333333336 0.012037037037037037
1 0.45677083333333335 0.6393518518518518 0.007291666666666667 0.01388888888888889
1 0.45208333333333334 0.6689814814814815 0.007291666666666667 0.010185185185185186
1 0.4783854166666667 0.6768518518518519 0.0046875 0.011111111111111112
1 0.5611979166666666 0.7199074074074074 0.005729166666666666 0.010185185185185186
1 0.6002604166666666 0.6819444444444445 0.0067708333333333336 0.010185185185185186
1 0.7791666666666667 0.7162037037037037 0.007291666666666667 0.01388888888888889
1 0.7872395833333333 0.6902777777777778 0.0067708333333333336 0.01388888888888889
1 0.6778645833333333 0.5675925925925926 0.009895833333333333 0.012962962962962964
1 0.6174479166666667 0.4226851851851852 0.0067708333333333336 0.012037037037037037
1 0.5354166666666667 0.3365740740740741 0.00625 0.01388888888888889
1 0.4895833333333333 0.32546296296296295 0.007291666666666667 0.012037037037037037
1 0.5466145833333333 0.3856481481481482 0.008854166666666666 0.012037037037037037
0 0.5611979166666666 0.36342592592592593 0.5015625 0.725
2 0.5598958333333334 0.3805555555555556 0.0 0.003703703703703704
3 0.5619791666666667 0.3805555555555556 0.10416666666666667 0.17222222222222222
