1 0.4705729166666667 0.09490740740740741 0.009895833333333333 0.01388888888888889
1 0.4630208333333333 0.3402777777777778 0.007291666666666667 0.012037037037037037
1 0.39739583333333334 0.6861111111111111 0.007291666666666667 0.012962962962962964
1 0.4114583333333333 0.6949074074074074 0.005208333333333333 0.010185185185185186
1 0.40625 0.8018518518518519 0.007291666666666667 0.014814814814814815
1 0.52890625 0.7532407407407408 0.009895833333333333 0.015740740740740743
1 0.6421875 0.38101851851851853 0.007291666666666667 0.01388888888888889
1 0.6817708333333333 0.34351851851851856 0.008333333333333333 0.014814814814814815
1 0.73359375 0.33472222222222225 0.008854166666666666 0.01388888888888889
1 0.6872395833333333 0.3861111111111111 0.0078125 0.014814814814814815
1 0.6395833333333333 0.45601851851851855 0.007291666666666667 0.01388888888888889
1 0.6614583333333334 0.4601851851851852 0.00625 0.012962962962962964
1 0.7091145833333333 0.4476851851851852 0.0067708333333333336 0.01388888888888889
1 0.69921875 0.4712962962962963 0.0078125 0.014814814814814815
1 0.6309895833333333 0.5972222222222222 0.008854166666666666 0.014814814814814815
1 0.6635416666666667 0.5541666666666667 0.008333333333333333 0.01388888888888889
1 0.6744791666666666 0.5930555555555556 0.008333333333333333 0.01388888888888889
1 0.6947916666666667 0.5800925925925926 0.007291666666666667 0.01388888888888889
1 0.71328125 0.5333333333333333 0.005729166666666666 0.012962962962962964
1 0.7934895833333333 0.4986111111111111 0.008854166666666666 0.015740740740740743
1 0.63671875 0.7064814814814815 0.0046875 0.011111111111111112
0 0.5841145833333333 0.41250000000000003 0.5661458333333333 0.8231481481481482
2 0.5739583333333333 0.43472222222222223 0.0 0.000925925925925926
3 0.57421875 0.4310185185185185 0.11197916666666667 0.17500000000000002
