1 0.521875 0.11064814814814815 0.007291666666666667 0.01388888888888889
1 0.4747395833333333 0.4046296296296297 0.0067708333333333336 0.012962962962962964
1 0.45703125 0.48750000000000004 0.0078125 0.015740740740740743
1 0.5625 0.5328703703703704 0.007291666666666667 0.015740740740740743
1 0.6049479166666667 0.5203703703703704 0.008854166666666666 0.011111111111111112
1 0.665625 0.46990740740740744 0.008333333333333333 0.01388888888888889
1 0.6856770833333333 0.47685185185185186 0.0078125 0.014814814814814815
1 0.68359375 0.5273148148148148 0.0078125 0.01388888888888889
1 0.7203125 0.3560185185185185 0.00625 0.01388888888888889
1 0.5364583333333334 0.7180555555555556 0.00625 0.01388888888888889
1 0.5815104166666667 0.7143518518518519 0.0067708333333333336 0.010185185185185186
1 0.57265625 0.7231481481481482 0.0078125 0.011111111111111112
1 0.5700520833333333 0.7425925925925926 0.0067708333333333336 0.012962962962962964
1 0.6 0.787962962962963 0.008333333333333333 0.012962962962962964
1 0.3736979166666667 0.3740740740740741 0.008854166666666666 0.012962962962962964
0 0.5591145833333333 0.3814814814814815 0.5057291666666667 0.7537037037037038
2 0.5541666666666667 0.4083333333333333 0.0010416666666666667 0.001851851851851852
3 0.5557291666666666 0.40694444444444444 0.103125 0.17685185185185187
