1 0.6020833333333333 0.05740740740740741 0.007291666666666667 0.014814814814814815
1 0.52265625 0.10416666666666667 0.009895833333333333 0.012037037037037037
1 0.49635416666666665 0.2884259259259259 0.00625 0.01388888888888889
1 0.8 0.662962962962963 0.00625 0.014814814814814815
1 0.5927083333333333 0.35879629629629634 0.005208333333333333 0.012037037037037037
1 0.6572916666666666 0.3490740740740741 0.010416666666666666 0.011111111111111112
1 0.6625 0.3685185185185185 0.009375 0.012962962962962964
1 0.6440104166666667 0.41574074074074074 0.0078125 0.014814814814814815
1 0.7216145833333333 0.35370370370370374 0.0078125 0.011111111111111112
1 0.6893229166666667 0.42592592592592593 0.005729166666666666 0.012962962962962964
1 0.7138020833333333 0.4759259259259259 0.0067708333333333336 0.011111111111111112
1 0.6872395833333333 0.475462962962963 0.0078125 0.015740740740740743
1 0.68515625 0.5236111111111111 0.009895833333333333 0.012037037037037037
1 0.6671875 0.4675925925925926 0.007291666666666667 0.014814814814814815
1 0.6567708333333333 0.48564814814814816 0.005208333333333333 0.015740740740740743
1 0.64296875 0.5287037037037037 0.0078125 0.014814814814814815
1 0.6364583333333333 0.49212962962962964 0.008333333333333333 0.01388888888888889
1 0.6294270833333333 0.5805555555555556 0.008854166666666666 0.014814814814814815
1 0.6059895833333333 0.5148148148148148 0.008854166666666666 0.012962962962962964
1 0.5869791666666666 0.5171296296296296 0.008333333333333333 0.01388888888888889
1 0.6049479166666667 0.736574074074074 0.0078125 0.010185185185185186
1 0.6010416666666667 0.787962962962963 0.007291666666666667 0.011111111111111112
1 0.5815104166666667 0.7115740740740741 0.0067708333333333336 0.01388888888888889
1 0.5731770833333333 0.7189814814814816 0.0067708333333333336 0.01388888888888889
1 0.5705729166666667 0.7407407407407408 0.0046875 0.012962962962962964
1 0.55234375 0.7712962962962964 0.0067708333333333336 0.012962962962962964
1 0.5546875 0.4277777777777778 0.008333333333333333 0.012962962962962964
1 0.56171875 0.5296296296296297 0.0078125 0.014814814814814815
1 0.5369791666666667 0.7143518518518519 0.007291666666666667 0.012037037037037037
1 0.5322916666666666 0.6824074074074075 0.00625 0.012962962962962964
1 0.5276041666666667 0.5402777777777777 0.00625 0.01388888888888889
1 0.5104166666666666 0.7490740740740741 0.00625 0.009259259259259259
1 0.49140625 0.763888888888889 0.005729166666666666 0.009259259259259259
1 0.5065104166666666 0.6601851851851852 0.0067708333333333336 0.011111111111111112
1 0.5013020833333334 0.5148148148148148 0.0067708333333333336 0.011111111111111112
1 0.5020833333333333 0.47361111111111115 0.00625 0.012037037037037037
1 0.47421874999999997 0.3990740740740741 0.0078125 0.014814814814814815
1 0.45703125 0.4777777777777778 0.0067708333333333336 0.012962962962962964
1 0.46640624999999997 0.5777777777777778 0.0067708333333333336 0.012962962962962964
1 0.4796875 0.6314814814814815 0.007291666666666667 0.012962962962962964
1 0.4421875 0.6513888888888889 0.00625 0.012037037037037037
1 0.43203125 0.6453703703703704 0.008854166666666666 0.012962962962962964
1 0.43645833333333334 0.549537037037037 0.007291666666666667 0.012037037037037037
1 0.4109375 0.5018518518518519 0.008333333333333333 0.014814814814814815
1 0.3768229166666667 0.5847222222222223 0.0067708333333333336 0.012037037037037037
1 0.3729166666666667 0.3680555555555556 0.007291666666666667 0.012037037037037037
0 0.5591145833333333 0.3787037037037037 0.5140625 0.7481481481481482
2 0.5552083333333333 0.40092592592592596 0.0010416666666666667 0.001851851851851852
3 0.55625 0.40231481481481485 0.10416666666666667 0.1824074074074074
