1 0.4596354166666667 0.1125 0.009895833333333333 0.019444444444444445
1 0.4536458333333333 0.3592592592592593 0.008333333333333333 0.012962962962962964
1 0.38776041666666666 0.700462962962963 0.0078125 0.010185185185185186
1 0.40338541666666666 0.712037037037037 0.0067708333333333336 0.011111111111111112
1 0.396875 0.8148148148148149 0.005208333333333333 0.014814814814814815
1 0.5203125 0.7712962962962964 0.007291666666666667 0.012962962962962964
1 0.5838541666666667 0.7037037037037037 0.009375 0.014814814814814815
1 0.621875 0.6185185185185186 0.008333333333333333 0.014814814814814815
1 0.6309895833333333 0.3944444444444445 0.0067708333333333336 0.016666666666666666
1 0.6299479166666666 0.47314814814814815 0.0078125 0.014814814814814815
1 0.65078125 0.47685185185185186 0.0078125 0.014814814814814815
1 0.64453125 0.3875 0.0078125 0.017592592592592594
1 0.64375 0.5069444444444444 0.00625 0.012037037037037037
1 0.6526041666666667 0.5712962962962963 0.00625 0.014814814814814815
1 0.6645833333333333 0.6097222222222223 0.00625 0.01388888888888889
1 0.6848958333333334 0.5944444444444444 0.008333333333333333 0.012962962962962964
1 0.70234375 0.5513888888888889 0.008854166666666666 0.01388888888888889
1 0.6885416666666666 0.49074074074074076 0.008333333333333333 0.014814814814814815
1 0.6984375 0.46342592592592596 0.008333333333333333 0.017592592592592594
1 0.6768229166666666 0.3976851851851852 0.0078125 0.017592592592592594
1 0.6703125 0.35555555555555557 0.009375 0.012962962962962964
1 0.721875 0.3462962962962963 0.00625 0.014814814814814815
1 0.7817708333333333 0.5143518518518518 0.008333333333333333 0.015740740740740743
0 0.57421875 0.42129629629629634 0.5578125 0.8333333333333334
2 0.5651041666666666 0.4537037037037037 0.003125 0.003703703703703704
3 0.5640625 0.4486111111111111 0.11458333333333333 0.17685185185185187
