1 0.6067708333333334 0.025462962962962965 0.009375 0.012037037037037037
1 0.59921875 0.052314814814814814 0.0078125 0.012037037037037037
1 0.5265625 0.2513888888888889 0.008333333333333333 0.012037037037037037
1 0.5786458333333333 0.28750000000000003 0.008333333333333333 0.015740740740740743
1 0.6369791666666667 0.27731481481481485 0.007291666666666667 0.01388888888888889
1 0.5708333333333333 0.3199074074074074 0.00625 0.010185185185185186
1 0.5614583333333333 0.33287037037037037 0.008333333333333333 0.010185185185185186
1 0.6794270833333333 0.5273148148148148 0.008854166666666666 0.012037037037037037
1 0.5794270833333334 0.5865740740740741 0.0078125 0.012037037037037037
1 0.6427083333333333 0.7083333333333334 0.007291666666666667 0.011111111111111112
0 0.56640625 0.37592592592592594 0.5078125 0.7462962962962963
2 0.5567708333333333 0.39722222222222225 0.0020833333333333333 0.001851851851851852
3 0.5567708333333333 0.39722222222222225 0.103125 0.17222222222222222
