1 0.6018229166666667 0.06620370370370371 0.008854166666666666 0.015740740740740743
1 0.52421875 0.11342592592592593 0.0078125 0.019444444444444445
1 0.4984375 0.29953703703703705 0.008333333333333333 0.01388888888888889
1 0.72265625 0.36435185185185187 0.0078125 0.012037037037037037
1 0.7145833333333333 0.4851851851851852 0.005208333333333333 0.012962962962962964
1 0.6901041666666666 0.4365740740740741 0.009375 0.01388888888888889
1 0.6885416666666666 0.48240740740740745 0.009375 0.011111111111111112
1 0.6861979166666666 0.5314814814814816 0.0067708333333333336 0.014814814814814815
1 0.6583333333333333 0.3601851851851852 0.008333333333333333 0.014814814814814815
1 0.6640625 0.37962962962962965 0.008333333333333333 0.016666666666666666
1 0.6455729166666666 0.425462962962963 0.0078125 0.017592592592592594
1 0.6380208333333334 0.45787037037037037 0.007291666666666667 0.015740740740740743
1 0.6677083333333333 0.4759259259259259 0.007291666666666667 0.012962962962962964
1 0.6583333333333333 0.49212962962962964 0.00625 0.01388888888888889
1 0.63828125 0.5 0.0078125 0.014814814814814815
1 0.64296875 0.5361111111111111 0.0078125 0.016666666666666666
1 0.6299479166666666 0.5851851851851853 0.0078125 0.016666666666666666
1 0.8015625 0.6708333333333334 0.007291666666666667 0.01388888888888889
1 0.60546875 0.46111111111111114 0.009895833333333333 0.012962962962962964
1 0.5940104166666667 0.3689814814814815 0.005729166666666666 0.012037037037037037
1 0.6072916666666667 0.5236111111111111 0.009375 0.015740740740740743
1 0.58828125 0.524537037037037 0.0078125 0.01388888888888889
1 0.5934895833333333 0.5958333333333333 0.0078125 0.01388888888888889
1 0.584375 0.6314814814814815 0.007291666666666667 0.011111111111111112
1 0.6052083333333333 0.7384259259259259 0.00625 0.012037037037037037
1 0.6020833333333333 0.788888888888889 0.009375 0.014814814814814815
1 0.58203125 0.7166666666666667 0.0078125 0.009259259259259259
1 0.5739583333333333 0.7240740740740741 0.00625 0.011111111111111112
1 0.5705729166666667 0.7458333333333333 0.0067708333333333336 0.01388888888888889
1 0.5515625 0.775462962962963 0.008333333333333333 0.01388888888888889
1 0.5372395833333333 0.7185185185185186 0.008854166666666666 0.012962962962962964
1 0.5328125 0.6902777777777778 0.007291666666666667 0.01388888888888889
1 0.5114583333333333 0.7550925925925926 0.007291666666666667 0.01388888888888889
1 0.49140625 0.7703703703703704 0.005729166666666666 0.012962962962962964
1 0.5075520833333333 0.6666666666666667 0.005729166666666666 0.012962962962962964
1 0.5627604166666667 0.5356481481481482 0.0078125 0.012037037037037037
1 0.5552083333333333 0.43472222222222223 0.007291666666666667 0.01388888888888889
1 0.5286458333333334 0.5476851851851852 0.008333333333333333 0.010185185185185186
1 0.5036458333333333 0.4814814814814815 0.008333333333333333 0.011111111111111112
1 0.50234375 0.525462962962963 0.005729166666666666 0.01388888888888889
1 0.47630208333333335 0.4078703703703704 0.0067708333333333336 0.015740740740740743
1 0.45807291666666666 0.48842592592592593 0.0078125 0.015740740740740743
1 0.46822916666666664 0.5898148148148148 0.007291666666666667 0.011111111111111112
1 0.48072916666666665 0.6393518518518518 0.007291666666666667 0.012037037037037037
1 0.4434895833333333 0.6601851851851852 0.0067708333333333336 0.011111111111111112
1 0.43333333333333335 0.6532407407407408 0.007291666666666667 0.012037037037037037
1 0.4380208333333333 0.5592592592592592 0.00625 0.014814814814814815
1 0.4125 0.5143518518518518 0.007291666666666667 0.012037037037037037
1 0.378125 0.5972222222222222 0.00625 0.012962962962962964
1 0.37526041666666665 0.3805555555555556 0.008854166666666666 0.014814814814814815
0 0.5611979166666666 0.37962962962962965 0.5057291666666667 0.7574074074074074
2 0.5578125 0.41064814814814815 0.004166666666666667 0.006481481481481482
3 0.5567708333333333 0.40972222222222227 0.10520833333333333 0.17685185185185187
