1 0.45234375 0.38101851851851853 0.0078125 0.01388888888888889
1 0.459375 0.45046296296296295 0.007291666666666667 0.010185185185185186
1 0.46822916666666664 0.4569444444444445 0.00625 0.010185185185185186
1 0.48072916666666665 0.46574074074074073 0.007291666666666667 0.012962962962962964
1 0.46484375 0.6356481481481482 0.0067708333333333336 0.01388888888888889
1 0.46067708333333335 0.6657407407407407 0.008854166666666666 0.011111111111111112
1 0.5575520833333333 0.3861111111111111 0.0078125 0.014814814814814815
1 0.6260416666666666 0.4240740740740741 0.007291666666666667 0.012962962962962964
1 0.6869791666666667 0.5689814814814815 0.007291666666666667 0.015740740740740743
1 0.5692708333333333 0.7171296296296297 0.00625 0.012037037037037037
0 0.5677083333333334 0.3703703703703704 0.5052083333333334 0.7314814814814815
2 0.5708333333333333 0.3805555555555556 0.0020833333333333333 0.003703703703703704
3 0.5708333333333333 0.37962962962962965 0.10520833333333333 0.17407407407407408
