1 0.6138020833333333 0.2939814814814815 0.0067708333333333336 0.01388888888888889
1 0.67421875 0.29444444444444445 0.005729166666666666 0.014814814814814815
1 0.6028645833333334 0.46481481481481485 0.005729166666666666 0.012962962962962964
1 0.62890625 0.4671296296296297 0.0078125 0.012037037037037037
1 0.64453125 0.5092592592592593 0.0067708333333333336 0.011111111111111112
1 0.6979166666666666 0.4564814814814815 0.00625 0.014814814814814815
1 0.7098958333333333 0.5 0.007291666666666667 0.014814814814814815
0 0.58046875 0.39212962962962966 0.5338541666666666 0.775
2 0.5765625 0.41944444444444445 0.0020833333333333333 0.007407407407407408
3 0.5765625 0.4166666666666667 0.11041666666666666 0.19074074074074074
