1 0.6440104166666667 0.3763888888888889 0.0078125 0.019444444444444445
1 0.6434895833333333 0.45601851851851855 0.005729166666666666 0.01388888888888889
1 0.6653645833333334 0.45972222222222225 0.0078125 0.01388888888888889
1 0.6903645833333333 0.3800925925925926 0.0067708333333333336 0.019444444444444445
1 0.40130208333333334 0.6810185185185186 0.0067708333333333336 0.012037037037037037
1 0.7135416666666666 0.44537037037037036 0.008333333333333333 0.012962962962962964
1 0.7033854166666667 0.47175925925925927 0.0067708333333333336 0.01388888888888889
1 0.7169270833333333 0.5342592592592593 0.0067708333333333336 0.014814814814814815
1 0.7966145833333333 0.4953703703703704 0.0078125 0.014814814814814815
1 0.6981770833333333 0.576388888888889 0.008854166666666666 0.01388888888888889
1 0.6669270833333333 0.5537037037037037 0.008854166666666666 0.012962962962962964
0 0.5872395833333334 0.41435185185185186 0.5661458333333333 0.8194444444444445
2 0.5786458333333333 0.4337962962962963 0.0 0.002777777777777778
3 0.5770833333333333 0.4277777777777778 0.11354166666666667 0.1851851851851852
