1 0.4666666666666667 0.08842592592592594 0.009375 0.017592592592592594
1 0.46119791666666665 0.3402777777777778 0.0109375 0.012037037037037037
1 0.3966145833333333 0.6865740740740741 0.005729166666666666 0.010185185185185186
1 0.41119791666666666 0.6981481481481482 0.0067708333333333336 0.012962962962962964
1 0.4046875 0.8 0.008333333333333333 0.012962962962962964
1 0.5291666666666667 0.7560185185185185 0.010416666666666666 0.01388888888888889
1 0.6390625 0.3800925925925926 0.007291666666666667 0.012037037037037037
1 0.6388020833333333 0.46064814814814814 0.008854166666666666 0.01388888888888889
1 0.6302083333333334 0.6018518518518519 0.007291666666666667 0.016666666666666666
1 0.6625 0.5555555555555556 0.007291666666666667 0.012962962962962964
1 0.6609375 0.46620370370370373 0.007291666666666667 0.015740740740740743
1 0.6796875 0.3421296296296296 0.007291666666666667 0.017592592592592594
1 0.6856770833333333 0.3861111111111111 0.008854166666666666 0.014814814814814815
1 0.7078125 0.4486111111111111 0.008333333333333333 0.012037037037037037
1 0.6971354166666667 0.4740740740740741 0.0078125 0.016666666666666666
1 0.6736979166666667 0.5958333333333333 0.0067708333333333336 0.01388888888888889
1 0.6934895833333333 0.5819444444444445 0.0067708333333333336 0.01388888888888889
1 0.7114583333333333 0.5388888888888889 0.007291666666666667 0.014814814814814815
1 0.73046875 0.33287037037037037 0.0078125 0.01388888888888889
1 0.7916666666666666 0.5060185185185185 0.007291666666666667 0.015740740740740743
0 0.5796875 0.42314814814814816 0.56875 0.8222222222222223
2 0.571875 0.4398148148148148 0.004166666666666667 0.005555555555555556
3 0.5723958333333333 0.4310185185185185 0.11145833333333333 0.1824074074074074
