1 0.6359375 0.1800925925925926 0.010416666666666666 0.017592592592592594
1 0.61796875 0.1953703703703704 0.0078125 0.012962962962962964
1 0.6513020833333333 0.22268518518518518 0.008854166666666666 0.021296296296296296
1 0.6013020833333333 0.27222222222222225 0.0067708333333333336 0.016666666666666666
1 0.6963541666666666 0.33101851851851855 0.007291666666666667 0.015740740740740743
1 0.5651041666666666 0.5842592592592593 0.00625 0.014814814814814815
1 0.43307291666666664 0.750462962962963 0.0109375 0.017592592592592594
1 0.49166666666666664 0.9009259259259259 0.010416666666666666 0.016666666666666666
1 0.6119791666666666 0.7282407407407407 0.011458333333333333 0.01388888888888889
1 0.62421875 0.5981481481481482 0.0067708333333333336 0.014814814814814815
1 0.6354166666666666 0.6143518518518519 0.009375 0.015740740740740743
1 0.6723958333333333 0.6421296296296296 0.010416666666666666 0.017592592592592594
1 0.7661458333333333 0.6541666666666667 0.007291666666666667 0.017592592592592594
0 0.6231770833333333 0.5449074074074074 0.48593749999999997 0.8064814814814815
2 0.6171875 0.6324074074074074 0.0010416666666666667 0.001851851851851852
3 0.61796875 0.6268518518518519 0.0984375 0.16296296296296298
