1 0.64453125 0.46574074074074073 0.0067708333333333336 0.016666666666666666
1 0.6916666666666667 0.39490740740740743 0.00625 0.015740740740740743
1 0.6653645833333334 0.4689814814814815 0.0067708333333333336 0.01388888888888889
1 0.71328125 0.4587962962962963 0.0078125 0.012037037037037037
1 0.7036458333333333 0.48240740740740745 0.00625 0.014814814814814815
1 0.6682291666666667 0.563425925925926 0.00625 0.012037037037037037
1 0.7 0.5893518518518519 0.007291666666666667 0.01388888888888889
1 0.7184895833333333 0.5449074074074074 0.0078125 0.01388888888888889
1 0.7979166666666666 0.5125000000000001 0.008333333333333333 0.01388888888888889
0 0.58359375 0.41064814814814815 0.5588541666666667 0.8120370370370371
2 0.5807291666666666 0.4416666666666667 0.0020833333333333333 0.001851851851851852
3 0.5783854166666667 0.43333333333333335 0.11302083333333333 0.18333333333333335
