1 0.4942708333333333 0.05462962962962963 0.007291666666666667 0.014814814814814815
1 0.5458333333333333 0.18472222222222223 0.008333333333333333 0.01388888888888889
1 0.6265625 0.29305555555555557 0.011458333333333333 0.017592592592592594
1 0.4966145833333333 0.45925925925925926 0.009895833333333333 0.016666666666666666
1 0.2875 0.5574074074074075 0.007291666666666667 0.014814814814814815
1 0.39557291666666666 0.725462962962963 0.0078125 0.017592592592592594
1 0.6028645833333334 0.7708333333333334 0.0078125 0.01388888888888889
0 0.5643229166666667 0.4986111111111111 0.6640625 0.9916666666666667
2 0.5546875 0.5018518518518519 0.00625 0.003703703703703704
3 0.5567708333333333 0.49768518518518523 0.13333333333333333 0.2101851851851852
