1 0.4708333333333333 0.09074074074074075 0.009375 0.018518518518518517
1 0.46458333333333335 0.33935185185185185 0.010416666666666666 0.012037037037037037
1 0.39791666666666664 0.6856481481481482 0.00625 0.015740740740740743
1 0.4122395833333333 0.6972222222222223 0.0078125 0.012962962962962964
1 0.5286458333333334 0.7527777777777778 0.007291666666666667 0.016666666666666666
1 0.6416666666666666 0.37824074074074077 0.007291666666666667 0.015740740740740743
1 0.6403645833333333 0.4564814814814815 0.0078125 0.018518518518518517
1 0.6309895833333333 0.6018518518518519 0.008854166666666666 0.014814814814814815
1 0.6619791666666667 0.4620370370370371 0.00625 0.014814814814814815
1 0.6627604166666666 0.5555555555555556 0.0067708333333333336 0.011111111111111112
1 0.6752604166666667 0.5962962962962963 0.0078125 0.014814814814814815
1 0.6953125 0.5810185185185185 0.008333333333333333 0.01388888888888889
1 0.7140625 0.5375 0.007291666666666667 0.015740740740740743
1 0.6997395833333333 0.4740740740740741 0.005729166666666666 0.012962962962962964
1 0.709375 0.4476851851851852 0.00625 0.012037037037037037
1 0.6885416666666666 0.3837962962962963 0.008333333333333333 0.01388888888888889
1 0.6815104166666667 0.3402777777777778 0.005729166666666666 0.01388888888888889
1 0.73359375 0.33194444444444443 0.008854166666666666 0.015740740740740743
1 0.7940104166666666 0.5 0.0078125 0.012962962962962964
0 0.5822916666666667 0.4175925925925926 0.5697916666666667 0.8333333333333334
2 0.5755208333333334 0.4361111111111111 0.0020833333333333333 0.001851851851851852
3 0.5760416666666667 0.4300925925925926 0.11145833333333333 0.18611111111111112
