1 0.46380208333333334 0.09814814814814815 0.0067708333333333336 0.014814814814814815
1 0.4583333333333333 0.3490740740740741 0.007291666666666667 0.014814814814814815
1 0.3932291666666667 0.6935185185185185 0.00625 0.011111111111111112
1 0.4075520833333333 0.7060185185185186 0.0078125 0.012037037037037037
1 0.4015625 0.8074074074074075 0.008333333333333333 0.016666666666666666
1 0.52421875 0.7615740740740741 0.0067708333333333336 0.015740740740740743
1 0.6346354166666667 0.38657407407407407 0.0067708333333333336 0.012037037037037037
1 0.6348958333333333 0.4652777777777778 0.007291666666666667 0.01388888888888889
1 0.6260416666666666 0.6087962962962963 0.008333333333333333 0.017592592592592594
1 0.6583333333333333 0.562962962962963 0.008333333333333333 0.014814814814814815
1 0.6559895833333333 0.46944444444444444 0.0078125 0.012962962962962964
1 0.6697916666666667 0.6023148148148149 0.008333333333333333 0.015740740740740743
1 0.6752604166666667 0.3476851851851852 0.0067708333333333336 0.012037037037037037
1 0.6809895833333334 0.3912037037037037 0.0067708333333333336 0.01388888888888889
1 0.6942708333333333 0.4810185185185185 0.007291666666666667 0.01388888888888889
1 0.6893229166666667 0.5861111111111111 0.005729166666666666 0.014814814814814815
1 0.7080729166666666 0.5421296296296296 0.0078125 0.01388888888888889
1 0.7033854166666667 0.4564814814814815 0.005729166666666666 0.011111111111111112
1 0.7276041666666666 0.3388888888888889 0.007291666666666667 0.011111111111111112
1 0.7877604166666666 0.5078703703703704 0.008854166666666666 0.012037037037037037
0 0.5768229166666666 0.4185185185185185 0.5630208333333333 0.8314814814814815
2 0.56875 0.44351851851851853 0.0 0.001851851851851852
3 0.5684895833333333 0.4365740740740741 0.11197916666666667 0.17685185185185187
