1 0.54375 0.11342592592592593 0.00625 0.01388888888888889
1 0.6049479166666667 0.11203703703703705 0.005729166666666666 0.012962962962962964
1 0.6059895833333333 0.2925925925925926 0.0067708333333333336 0.012962962962962964
1 0.5359375 0.3527777777777778 0.00625 0.011111111111111112
1 0.6661458333333333 0.2916666666666667 0.005208333333333333 0.014814814814814815
1 0.6705729166666666 0.28194444444444444 0.0078125 0.015740740740740743
1 0.5567708333333333 0.5708333333333333 0.00625 0.012037037037037037
1 0.5244791666666666 0.687962962962963 0.007291666666666667 0.016666666666666666
1 0.5763020833333333 0.4990740740740741 0.0067708333333333336 0.012962962962962964
1 0.59453125 0.46296296296296297 0.0078125 0.014814814814814815
1 0.6205729166666667 0.4638888888888889 0.005729166666666666 0.014814814814814815
1 0.6361979166666667 0.5060185185185185 0.005729166666666666 0.01388888888888889
1 0.6791666666666667 0.6875 0.007291666666666667 0.01388888888888889
1 0.6736979166666667 0.45925925925925926 0.0067708333333333336 0.014814814814814815
1 0.6901041666666666 0.4527777777777778 0.007291666666666667 0.012962962962962964
1 0.7015625 0.4967592592592593 0.007291666666666667 0.01388888888888889
1 0.71953125 0.4953703703703704 0.0078125 0.014814814814814815
1 0.7234375 0.5393518518518519 0.007291666666666667 0.012037037037037037
1 0.7559895833333333 0.41435185185185186 0.0078125 0.015740740740740743
1 0.7768229166666667 0.4324074074074074 0.0078125 0.014814814814814815
1 0.8059895833333334 0.40601851851851856 0.0067708333333333336 0.012037037037037037
0 0.57421875 0.3912037037037037 0.5442708333333334 0.7768518518518519
2 0.5677083333333334 0.4175925925925926 0.00625 0.007407407407407408
3 0.56796875 0.41064814814814815 0.10677083333333333 0.19166666666666668
