1 0.6015625 0.05925925925925926 0.007291666666666667 0.012962962962962964
1 0.521875 0.1050925925925926 0.010416666666666666 0.010185185185185186
1 0.49635416666666665 0.28935185185185186 0.007291666666666667 0.015740740740740743
1 0.72109375 0.3541666666666667 0.0067708333333333336 0.01388888888888889
1 0.65703125 0.350462962962963 0.0078125 0.012037037037037037
1 0.6627604166666666 0.3703703703703704 0.0067708333333333336 0.011111111111111112
1 0.6442708333333333 0.41481481481481486 0.007291666666666667 0.014814814814814815
1 0.68828125 0.4287037037037037 0.0078125 0.014814814814814815
1 0.7138020833333333 0.475462962962963 0.0067708333333333336 0.015740740740740743
1 0.6861979166666666 0.4740740740740741 0.0078125 0.012962962962962964
1 0.6846354166666666 0.525462962962963 0.008854166666666666 0.015740740740740743
1 0.6661458333333333 0.4671296296296297 0.00625 0.01388888888888889
1 0.6565104166666667 0.48564814814814816 0.0067708333333333336 0.012037037037037037
1 0.6369791666666667 0.4935185185185185 0.008333333333333333 0.012962962962962964
1 0.6424479166666667 0.5296296296296297 0.008854166666666666 0.016666666666666666
1 0.62890625 0.5805555555555556 0.008854166666666666 0.014814814814814815
1 0.6057291666666667 0.5148148148148148 0.00625 0.014814814814814815
1 0.5864583333333333 0.5194444444444445 0.009375 0.014814814814814815
1 0.6036458333333333 0.7375 0.005208333333333333 0.01388888888888889
1 0.7994791666666666 0.6648148148148149 0.007291666666666667 0.014814814814814815
1 0.6 0.7875 0.009375 0.01388888888888889
1 0.5807291666666666 0.712037037037037 0.005208333333333333 0.012962962962962964
1 0.5721354166666667 0.7208333333333333 0.005729166666666666 0.012037037037037037
1 0.5708333333333333 0.7435185185185186 0.00625 0.011111111111111112
1 0.5513020833333333 0.7717592592592593 0.0067708333333333336 0.012037037037037037
1 0.5364583333333334 0.7166666666666667 0.008333333333333333 0.011111111111111112
1 0.5315104166666667 0.6861111111111111 0.0078125 0.012962962962962964
1 0.56171875 0.5300925925925926 0.0067708333333333336 0.01388888888888889
1 0.5924479166666666 0.36064814814814816 0.0067708333333333336 0.01388888888888889
1 0.5536458333333333 0.42824074074074076 0.007291666666666667 0.012037037037037037
1 0.5265625 0.5412037037037037 0.008333333333333333 0.01388888888888889
1 0.5057291666666667 0.6620370370370371 0.007291666666666667 0.011111111111111112
1 0.5098958333333333 0.7523148148148149 0.00625 0.012037037037037037
1 0.4908854166666667 0.7666666666666667 0.0067708333333333336 0.011111111111111112
1 0.47369791666666666 0.40092592592592596 0.0078125 0.011111111111111112
1 0.37265625 0.3689814814814815 0.0067708333333333336 0.010185185185185186
1 0.41041666666666665 0.5050925925925926 0.008333333333333333 0.010185185185185186
1 0.4575520833333333 0.48055555555555557 0.0067708333333333336 0.012962962962962964
1 0.5010416666666666 0.475462962962963 0.007291666666666667 0.012037037037037037
1 0.5010416666666666 0.5171296296296296 0.007291666666666667 0.012037037037037037
1 0.465625 0.5805555555555556 0.007291666666666667 0.011111111111111112
1 0.4361979166666667 0.5513888888888889 0.0067708333333333336 0.010185185185185186
1 0.47890625 0.6310185185185185 0.0067708333333333336 0.01388888888888889
1 0.44140625 0.6532407407407408 0.0067708333333333336 0.010185185185185186
1 0.4315104166666667 0.6467592592592593 0.0067708333333333336 0.012037037037037037
1 0.3763020833333333 0.5875 0.0078125 0.010185185185185186
0 0.5622395833333333 0.3787037037037037 0.5140625 0.7407407407407408
2 0.553125 0.4 0.0010416666666666667 0.003703703703703704
3 0.5567708333333333 0.4041666666666667 0.10520833333333333 0.1787037037037037
