1 0.46979166666666666 0.08611111111111111 0.00625 0.018518518518518517
1 0.39791666666666664 0.6842592592592592 0.007291666666666667 0.011111111111111112
1 0.41302083333333334 0.6935185185185185 0.009375 0.012962962962962964
1 0.6416666666666666 0.37453703703703706 0.007291666666666667 0.021296296296296296
1 0.6408854166666667 0.4537037037037037 0.0067708333333333336 0.020370370370370372
1 0.6328125 0.600462962962963 0.00625 0.01388888888888889
1 0.6645833333333333 0.5555555555555556 0.00625 0.016666666666666666
1 0.6619791666666667 0.45925925925925926 0.011458333333333333 0.020370370370370372
1 0.6822916666666666 0.33472222222222225 0.008333333333333333 0.01388888888888889
1 0.7346354166666667 0.32453703703703707 0.0109375 0.015740740740740743
1 0.6875 0.3805555555555556 0.007291666666666667 0.014814814814814815
1 0.7104166666666667 0.4439814814814815 0.007291666666666667 0.015740740740740743
1 0.7005208333333334 0.4689814814814815 0.007291666666666667 0.015740740740740743
1 0.7151041666666667 0.5337962962962963 0.007291666666666667 0.015740740740740743
1 0.6950520833333333 0.5782407407407407 0.0078125 0.015740740740740743
1 0.6755208333333333 0.5935185185185186 0.007291666666666667 0.011111111111111112
1 0.79375 0.4986111111111111 0.008333333333333333 0.01388888888888889
0 0.5822916666666667 0.41481481481481486 0.5677083333333334 0.8277777777777778
2 0.5755208333333334 0.4356481481481482 0.0020833333333333333 0.002777777777777778
3 0.5752604166666666 0.4291666666666667 0.11197916666666667 0.18796296296296297
