1 0.6013020833333333 0.0638888888888889 0.0067708333333333336 0.011111111111111112
1 0.5223958333333333 0.11111111111111112 0.010416666666666666 0.012962962962962964
1 0.4979166666666667 0.2949074074074074 0.008333333333333333 0.012037037037037037
1 0.7221354166666667 0.3592592592592593 0.0067708333333333336 0.011111111111111112
1 0.6572916666666666 0.35462962962962963 0.00625 0.012962962962962964
1 0.6635416666666667 0.375462962962963 0.008333333333333333 0.012037037037037037
1 0.6458333333333334 0.4217592592592593 0.007291666666666667 0.012037037037037037
1 0.690625 0.4324074074074074 0.007291666666666667 0.012962962962962964
1 0.7143229166666667 0.47962962962962963 0.0067708333333333336 0.014814814814814815
1 0.68828125 0.4791666666666667 0.0067708333333333336 0.010185185185185186
1 0.68515625 0.5273148148148148 0.0067708333333333336 0.012037037037037037
1 0.7997395833333333 0.6662037037037037 0.0067708333333333336 0.01388888888888889
1 0.6682291666666667 0.4712962962962963 0.009375 0.011111111111111112
1 0.6572916666666666 0.4916666666666667 0.00625 0.011111111111111112
1 0.6385416666666667 0.4550925925925926 0.007291666666666667 0.015740740740740743
1 0.6380208333333334 0.49722222222222223 0.008333333333333333 0.012962962962962964
1 0.64296875 0.5328703703703704 0.0067708333333333336 0.01388888888888889
1 0.6296875 0.5824074074074075 0.007291666666666667 0.014814814814814815
1 0.6221354166666666 0.6236111111111111 0.0067708333333333336 0.01388888888888889
1 0.59296875 0.3648148148148148 0.005729166666666666 0.011111111111111112
1 0.6057291666666667 0.41620370370370374 0.007291666666666667 0.012037037037037037
1 0.60546875 0.45787037037037037 0.0078125 0.012037037037037037
1 0.6065104166666666 0.5194444444444445 0.0067708333333333336 0.012962962962962964
1 0.5875 0.5217592592592593 0.007291666666666667 0.012037037037037037
1 0.59375 0.5930555555555556 0.007291666666666667 0.01388888888888889
1 0.58359375 0.6268518518518519 0.005729166666666666 0.011111111111111112
1 0.603125 0.7384259259259259 0.005208333333333333 0.012037037037037037
1 0.6010416666666667 0.788425925925926 0.007291666666666667 0.010185185185185186
1 0.5815104166666667 0.7125 0.0067708333333333336 0.010185185185185186
1 0.57578125 0.6328703703703704 0.0067708333333333336 0.01388888888888889
1 0.5734375 0.7212962962962963 0.00625 0.011111111111111112
1 0.5708333333333333 0.7416666666666667 0.00625 0.012962962962962964
1 0.5518229166666666 0.7726851851851853 0.0067708333333333336 0.010185185185185186
1 0.4921875 0.7694444444444445 0.007291666666666667 0.011111111111111112
1 0.5114583333333333 0.7546296296296297 0.00625 0.011111111111111112
1 0.5377604166666666 0.7171296296296297 0.008854166666666666 0.01388888888888889
1 0.5322916666666666 0.6888888888888889 0.007291666666666667 0.012962962962962964
1 0.5614583333333333 0.5328703703703704 0.008333333333333333 0.01388888888888889
1 0.5546875 0.43333333333333335 0.008333333333333333 0.012962962962962964
1 0.5072916666666667 0.6648148148148149 0.005208333333333333 0.011111111111111112
1 0.5286458333333334 0.5444444444444445 0.00625 0.012962962962962964
1 0.5260416666666666 0.49722222222222223 0.007291666666666667 0.012962962962962964
1 0.5026041666666666 0.47824074074074074 0.00625 0.017592592592592594
1 0.47552083333333334 0.40555555555555556 0.00625 0.012962962962962964
1 0.5020833333333333 0.5208333333333334 0.00625 0.012037037037037037
1 0.4583333333333333 0.4851851851851852 0.008333333333333333 0.011111111111111112
1 0.4671875 0.5851851851851853 0.005208333333333333 0.012962962962962964
1 0.4796875 0.6365740740740741 0.008333333333333333 0.01388888888888889
1 0.4432291666666667 0.6597222222222222 0.00625 0.012037037037037037
1 0.43333333333333335 0.6527777777777778 0.007291666666666667 0.012962962962962964
1 0.37786458333333334 0.5962962962962963 0.005729166666666666 0.012962962962962964
1 0.43776041666666665 0.5569444444444445 0.005729166666666666 0.012037037037037037
1 0.4119791666666667 0.512962962962963 0.00625 0.012962962962962964
1 0.37447916666666664 0.37824074074074077 0.009375 0.012037037037037037
0 0.56171875 0.3805555555555556 0.5109375 0.7481481481481482
2 0.5541666666666667 0.4064814814814815 0.0010416666666666667 0.001851851851851852
3 0.55625 0.40601851851851856 0.10416666666666667 0.17500000000000002
