1 0.40078125 0.6837962962962963 0.0078125 0.012037037037037037
1 0.6447916666666667 0.375 0.007291666666666667 0.011111111111111112
1 0.69140625 0.3805555555555556 0.0078125 0.014814814814814815
1 0.64375 0.45601851851851855 0.00625 0.012037037037037037
1 0.665625 0.46111111111111114 0.008333333333333333 0.012962962962962964
1 0.634375 0.5981481481481482 0.00625 0.014814814814814815
1 0.6669270833333333 0.5527777777777778 0.0078125 0.012962962962962964
1 0.71328125 0.4462962962962963 0.0078125 0.011111111111111112
1 0.7033854166666667 0.47222222222222227 0.0078125 0.011111111111111112
1 0.6794270833333333 0.5935185185185186 0.008854166666666666 0.016666666666666666
1 0.6979166666666666 0.5773148148148148 0.008333333333333333 0.015740740740740743
1 0.7174479166666666 0.5356481481481482 0.0078125 0.015740740740740743
1 0.796875 0.4986111111111111 0.00625 0.010185185185185186
0 0.5854166666666667 0.41805555555555557 0.5739583333333333 0.8194444444444445
2 0.578125 0.4356481481481482 0.0010416666666666667 0.002777777777777778
3 0.5794270833333334 0.42824074074074076 0.1109375 0.18055555555555555
