1 0.6411458333333333 0.18287037037037038 0.007291666666666667 0.019444444444444445
1 0.6234375 0.19814814814814816 0.008333333333333333 0.014814814814814815
1 0.65625 0.22777777777777777 0.008333333333333333 0.016666666666666666
1 0.6057291666666667 0.2763888888888889 0.007291666666666667 0.017592592592592594
1 0.5674479166666666 0.3111111111111111 0.0078125 0.014814814814814815
1 0.70234375 0.3402777777777778 0.005729166666666666 0.017592592592592594
1 0.56953125 0.5875 0.0078125 0.01388888888888889
1 0.43697916666666664 0.750925925925926 0.009375 0.014814814814814815
1 0.49505208333333334 0.9009259259259259 0.009895833333333333 0.016666666666666666
1 0.6158854166666666 0.7319444444444445 0.0067708333333333336 0.01388888888888889
1 0.6265625 0.6027777777777777 0.00625 0.014814814814814815
1 0.6401041666666667 0.6189814814814815 0.00625 0.01388888888888889
1 0.67734375 0.6481481481481481 0.008854166666666666 0.014814814814814815
1 0.7703125 0.663425925925926 0.007291666666666667 0.015740740740740743
0 0.6231770833333333 0.5444444444444445 0.48593749999999997 0.7981481481481482
2 0.6208333333333333 0.638888888888889 0.004166666666666667 0.003703703703703704
3 0.6205729166666667 0.6287037037037038 0.10052083333333334 0.16666666666666669
