1 0.5466145833333333 0.1300925925925926 0.009895833333333333 0.012037037037037037
1 0.6075520833333333 0.12546296296296297 0.008854166666666666 0.01388888888888889
1 0.6080729166666666 0.3055555555555556 0.009895833333333333 0.014814814814814815
1 0.54140625 0.3680555555555556 0.008854166666666666 0.010185185185185186
1 0.5075520833333333 0.4222222222222222 0.008854166666666666 0.012962962962962964
1 0.596875 0.47361111111111115 0.00625 0.01388888888888889
1 0.5776041666666667 0.5111111111111112 0.00625 0.014814814814814815
1 0.5588541666666667 0.5800925925925926 0.007291666666666667 0.01388888888888889
1 0.5552083333333333 0.6027777777777777 0.008333333333333333 0.012962962962962964
1 0.52734375 0.6962962962962963 0.008854166666666666 0.014814814814814815
1 0.6809895833333334 0.6949074074074074 0.009895833333333333 0.017592592592592594
1 0.6223958333333334 0.47453703703703703 0.009375 0.012037037037037037
1 0.63828125 0.5175925925925926 0.0078125 0.014814814814814815
1 0.6682291666666667 0.30185185185185187 0.00625 0.012962962962962964
1 0.6729166666666666 0.29444444444444445 0.005208333333333333 0.014814814814814815
1 0.6760416666666667 0.46851851851851856 0.00625 0.014814814814814815
1 0.6924479166666666 0.4625 0.0078125 0.012037037037037037
1 0.7036458333333333 0.5050925925925926 0.007291666666666667 0.01388888888888889
1 0.72109375 0.5037037037037038 0.0078125 0.011111111111111112
1 0.725 0.5462962962962963 0.00625 0.011111111111111112
1 0.7567708333333333 0.4240740740740741 0.00625 0.016666666666666666
1 0.778125 0.4388888888888889 0.005208333333333333 0.012962962962962964
1 0.80703125 0.4138888888888889 0.0067708333333333336 0.016666666666666666
0 0.5747395833333333 0.40555555555555556 0.5411458333333333 0.7944444444444445
2 0.5703125 0.42962962962962964 0.0010416666666666667 0.005555555555555556
3 0.5721354166666667 0.4277777777777778 0.10781249999999999 0.18888888888888888
