1 0.546875 0.1300925925925926 0.007291666666666667 0.012037037037037037
1 0.6078125 0.30462962962962964 0.007291666666666667 0.012962962962962964
1 0.6682291666666667 0.30185185185185187 0.00625 0.012962962962962964
1 0.5966145833333333 0.4726851851851852 0.0067708333333333336 0.01388888888888889
1 0.5778645833333333 0.5101851851851852 0.0078125 0.016666666666666666
1 0.5588541666666667 0.5796296296296296 0.007291666666666667 0.016666666666666666
1 0.5265625 0.6921296296296297 0.007291666666666667 0.015740740740740743
1 0.6221354166666666 0.4740740740740741 0.008854166666666666 0.014814814814814815
1 0.6372395833333333 0.5157407407407407 0.0067708333333333336 0.016666666666666666
1 0.67421875 0.46805555555555556 0.0078125 0.015740740740740743
1 0.69140625 0.4625 0.0078125 0.01388888888888889
1 0.7026041666666667 0.5041666666666667 0.008333333333333333 0.015740740740740743
1 0.7565104166666666 0.4236111111111111 0.005729166666666666 0.015740740740740743
0 0.5736979166666667 0.39351851851851855 0.5390625 0.7814814814814816
2 0.5708333333333333 0.4240740740740741 0.0020833333333333333 0.001851851851851852
3 0.5708333333333333 0.425 0.10520833333333333 0.19074074074074074
