1 0.44166666666666665 0.48194444444444445 0.004166666666666667 0.012037037037037037
1 0.5447916666666667 0.4740740740740741 0.00625 0.009259259259259259
1 0.6125 0.5050925925925926 0.00625 0.01388888888888889
1 0.44895833333333335 0.5421296296296296 0.00625 0.012037037037037037
1 0.4583333333333333 0.5481481481481482 0.00625 0.011111111111111112
1 0.46901041666666665 0.5532407407407408 0.005729166666666666 0.008333333333333333
1 0.45625 0.7162037037037037 0.00625 0.012037037037037037
1 0.4518229166666667 0.7435185185185186 0.0067708333333333336 0.009259259259259259
1 0.6708333333333333 0.6342592592592593 0.00625 0.011111111111111112
1 0.5578125 0.7861111111111111 0.00625 0.011111111111111112
0 0.5583333333333333 0.4064814814814815 0.49166666666666664 0.788888888888889
2 0.5588541666666667 0.46944444444444444 0.004166666666666667 0.003703703703703704
3 0.55859375 0.4708333333333333 0.10364583333333333 0.17314814814814816
