1 0.5216145833333333 0.10462962962962963 0.0078125 0.009259259259259259
1 0.37265625 0.3712962962962963 0.0078125 0.011111111111111112
1 0.45703125 0.4791666666666667 0.008854166666666666 0.01388888888888889
1 0.5697916666666667 0.7398148148148148 0.007291666666666667 0.009259259259259259
1 0.7213541666666666 0.3550925925925926 0.007291666666666667 0.015740740740740743
1 0.6854166666666667 0.47500000000000003 0.008333333333333333 0.016666666666666666
1 0.6838541666666667 0.5226851851851853 0.005208333333333333 0.01388888888888889
0 0.5591145833333333 0.3805555555555556 0.5161458333333333 0.7555555555555555
2 0.5557291666666666 0.4046296296296297 0.0020833333333333333 0.001851851851851852
3 0.55625 0.40370370370370373 0.10416666666666667 0.1851851851851852
