1 0.5221354166666666 0.10925925925925926 0.0067708333333333336 0.014814814814814815
1 0.37421875 0.3726851851851852 0.008854166666666666 0.01388888888888889
1 0.47369791666666666 0.4027777777777778 0.0078125 0.014814814814814815
1 0.45703125 0.4828703703703704 0.0078125 0.01388888888888889
1 0.5614583333333333 0.5310185185185186 0.007291666666666667 0.01388888888888889
1 0.6052083333333333 0.5185185185185185 0.008333333333333333 0.014814814814814815
1 0.7203125 0.35555555555555557 0.00625 0.014814814814814815
1 0.6861979166666666 0.47824074074074074 0.009895833333333333 0.012037037037037037
1 0.6838541666666667 0.5291666666666667 0.008333333333333333 0.017592592592592594
1 0.5700520833333333 0.7425925925925926 0.005729166666666666 0.009259259259259259
0 0.5591145833333333 0.38287037037037036 0.5119791666666667 0.763888888888889
2 0.5546875 0.4046296296296297 0.0 0.001851851851851852
3 0.55625 0.4083333333333333 0.1 0.17962962962962964
