1 0.5263020833333333 0.24675925925925926 0.0067708333333333336 0.010185185185185186
1 0.5802083333333333 0.2837962962962963 0.00625 0.01388888888888889
1 0.6375 0.2740740740740741 0.00625 0.012962962962962964
1 0.57109375 0.31712962962962965 0.005729166666666666 0.010185185185185186
1 0.5611979166666666 0.32962962962962966 0.005729166666666666 0.011111111111111112
1 0.5799479166666667 0.587037037037037 0.0078125 0.011111111111111112
1 0.6432291666666666 0.7050925925925926 0.008333333333333333 0.01388888888888889
1 0.6796875 0.525 0.00625 0.012962962962962964
1 0.59921875 0.04537037037037037 0.0067708333333333336 0.011111111111111112
1 0.60703125 0.019444444444444445 0.0067708333333333336 0.012962962962962964
0 0.5684895833333333 0.37962962962962965 0.5088541666666666 0.7462962962962963
2 0.55625 0.3907407407407408 0.0010416666666666667 0.003703703703703704
3 0.5578125 0.39212962962962966 0.10520833333333333 0.1824074074074074
