1 0.6020833333333333 0.058333333333333334 0.007291666666666667 0.011111111111111112
1 0.5216145833333333 0.10555555555555556 0.008854166666666666 0.009259259259259259
1 0.4966145833333333 0.28935185185185186 0.005729166666666666 0.010185185185185186
1 0.7216145833333333 0.35462962962962963 0.005729166666666666 0.011111111111111112
1 0.6572916666666666 0.3490740740740741 0.007291666666666667 0.011111111111111112
1 0.6627604166666666 0.3712962962962963 0.005729166666666666 0.012962962962962964
1 0.68984375 0.4277777777777778 0.005729166666666666 0.011111111111111112
1 0.7135416666666666 0.4759259259259259 0.00625 0.011111111111111112
1 0.6877604166666667 0.47500000000000003 0.0067708333333333336 0.012962962962962964
1 0.68515625 0.5231481481481481 0.005729166666666666 0.011111111111111112
1 0.7049479166666667 0.6939814814814815 0.0067708333333333336 0.012037037037037037
1 0.8013020833333333 0.6662037037037037 0.005729166666666666 0.010185185185185186
1 0.6669270833333333 0.4675925925925926 0.005729166666666666 0.012962962962962964
1 0.6567708333333333 0.4861111111111111 0.00625 0.012962962962962964
1 0.6447916666666667 0.4166666666666667 0.007291666666666667 0.012962962962962964
1 0.6372395833333333 0.4481481481481482 0.0067708333333333336 0.011111111111111112
1 0.6372395833333333 0.4930555555555556 0.005729166666666666 0.010185185185185186
1 0.64296875 0.5273148148148148 0.0067708333333333336 0.010185185185185186
1 0.6294270833333333 0.5791666666666667 0.0067708333333333336 0.012037037037037037
1 0.6223958333333334 0.6212962962962963 0.00625 0.011111111111111112
1 0.5921875 0.36064814814814816 0.00625 0.010185185185185186
1 0.6046875 0.41250000000000003 0.00625 0.010185185185185186
1 0.6046875 0.4518518518518519 0.00625 0.011111111111111112
1 0.6057291666666667 0.5157407407407407 0.008333333333333333 0.014814814814814815
1 0.5872395833333334 0.5166666666666667 0.005729166666666666 0.011111111111111112
1 0.5927083333333333 0.5898148148148148 0.005208333333333333 0.012962962962962964
1 0.5825520833333333 0.6226851851851852 0.008854166666666666 0.012037037037037037
1 0.575 0.6296296296296297 0.00625 0.012962962962962964
1 0.5802083333333333 0.7101851851851853 0.00625 0.009259259259259259
1 0.6036458333333333 0.7351851851851852 0.00625 0.009259259259259259
1 0.60078125 0.7861111111111111 0.0067708333333333336 0.011111111111111112
1 0.64609375 0.7865740740740741 0.0078125 0.01388888888888889
1 0.55859375 0.663425925925926 0.0067708333333333336 0.010185185185185186
1 0.5528645833333333 0.7189814814814816 0.005729166666666666 0.010185185185185186
1 0.5708333333333333 0.7407407407407408 0.00625 0.012962962962962964
1 0.57265625 0.7175925925925927 0.0067708333333333336 0.011111111111111112
1 0.5510416666666667 0.7699074074074075 0.007291666666666667 0.010185185185185186
1 0.5104166666666666 0.7490740740740741 0.005208333333333333 0.009259259259259259
1 0.49114583333333334 0.763425925925926 0.00625 0.010185185185185186
1 0.5361979166666666 0.7143518518518519 0.0078125 0.010185185185185186
1 0.53203125 0.6833333333333333 0.0078125 0.007407407407407408
1 0.5067708333333333 0.6611111111111111 0.007291666666666667 0.012962962962962964
1 0.55390625 0.4277777777777778 0.005729166666666666 0.011111111111111112
1 0.5611979166666666 0.5300925925925926 0.0078125 0.012037037037037037
1 0.521875 0.45833333333333337 0.00625 0.009259259259259259
1 0.5247395833333334 0.4930555555555556 0.0067708333333333336 0.01388888888888889
1 0.52734375 0.5402777777777777 0.0067708333333333336 0.012037037037037037
1 0.5010416666666666 0.47222222222222227 0.007291666666666667 0.009259259259259259
1 0.5002604166666667 0.5157407407407407 0.005729166666666666 0.012962962962962964
1 0.4744791666666667 0.3995370370370371 0.00625 0.012037037037037037
1 0.45703125 0.4791666666666667 0.0078125 0.010185185185185186
1 0.4666666666666667 0.5782407407407407 0.005208333333333333 0.012037037037037037
1 0.47890625 0.6305555555555555 0.0067708333333333336 0.011111111111111112
1 0.44166666666666665 0.6509259259259259 0.007291666666666667 0.011111111111111112
1 0.4315104166666667 0.6444444444444445 0.005729166666666666 0.009259259259259259
1 0.43671875 0.5486111111111112 0.005729166666666666 0.008333333333333333
1 0.41041666666666665 0.5023148148148149 0.00625 0.012037037037037037
1 0.4161458333333333 0.40092592592592596 0.007291666666666667 0.012962962962962964
1 0.3723958333333333 0.36944444444444446 0.007291666666666667 0.009259259259259259
1 0.3755208333333333 0.5837962962962964 0.00625 0.010185185185185186
0 0.5575520833333333 0.3768518518518519 0.5109375 0.7444444444444445
2 0.5567708333333333 0.40092592592592596 0.0020833333333333333 0.005555555555555556
3 0.5567708333333333 0.4013888888888889 0.10520833333333333 0.18055555555555555
