1 0.6015625 0.05601851851851852 0.007291666666666667 0.01388888888888889
1 0.52109375 0.10324074074074074 0.0078125 0.012037037037037037
1 0.371875 0.3662037037037037 0.009375 0.010185185185185186
1 0.47291666666666665 0.39675925925925926 0.007291666666666667 0.010185185185185186
1 0.45677083333333335 0.4763888888888889 0.010416666666666666 0.012037037037037037
1 0.4075520833333333 0.4986111111111111 0.0078125 0.012037037037037037
1 0.7216145833333333 0.35462962962962963 0.005729166666666666 0.012962962962962964
1 0.6669270833333333 0.46481481481481485 0.0078125 0.012962962962962964
1 0.6875 0.47314814814814815 0.008333333333333333 0.011111111111111112
1 0.6846354166666666 0.5226851851851853 0.0078125 0.015740740740740743
1 0.6057291666666667 0.513888888888889 0.009375 0.012962962962962964
1 0.5609375 0.5282407407407408 0.008333333333333333 0.01388888888888889
1 0.50078125 0.512962962962963 0.0078125 0.011111111111111112
1 0.37578125 0.5814814814814815 0.0078125 0.011111111111111112
1 0.43124999999999997 0.6416666666666667 0.009375 0.014814814814814815
1 0.5317708333333333 0.6814814814814815 0.007291666666666667 0.012962962962962964
1 0.5348958333333333 0.7115740740740741 0.007291666666666667 0.012037037037037037
1 0.509375 0.7467592592592592 0.00625 0.010185185185185186
1 0.5799479166666667 0.7092592592592593 0.005729166666666666 0.009259259259259259
1 0.571875 0.7166666666666667 0.005208333333333333 0.011111111111111112
1 0.56953125 0.7384259259259259 0.005729166666666666 0.010185185185185186
1 0.6044270833333333 0.7342592592592593 0.0067708333333333336 0.009259259259259259
1 0.6013020833333333 0.7847222222222222 0.008854166666666666 0.01388888888888889
0 0.55859375 0.3689814814814815 0.5067708333333333 0.7287037037037037
2 0.5552083333333333 0.40185185185185185 0.0010416666666666667 0.007407407407407408
3 0.5552083333333333 0.40092592592592596 0.10208333333333333 0.1814814814814815
