1 0.5223958333333333 0.11157407407407408 0.007291666666666667 0.012037037037037037
1 0.37447916666666664 0.375462962962963 0.007291666666666667 0.01388888888888889
1 0.4752604166666667 0.4064814814814815 0.0078125 0.011111111111111112
1 0.45807291666666666 0.48750000000000004 0.0078125 0.015740740740740743
1 0.5619791666666667 0.5342592592592593 0.007291666666666667 0.014814814814814815
1 0.60546875 0.5222222222222223 0.0078125 0.012962962962962964
1 0.6869791666666667 0.48240740740740745 0.008333333333333333 0.014814814814814815
1 0.684375 0.5277777777777778 0.008333333333333333 0.012962962962962964
1 0.7208333333333333 0.3597222222222222 0.00625 0.01388888888888889
1 0.5372395833333333 0.7180555555555556 0.0078125 0.015740740740740743
1 0.58125 0.7148148148148148 0.005208333333333333 0.009259259259259259
1 0.5723958333333333 0.7240740740740741 0.00625 0.012962962962962964
1 0.5708333333333333 0.7444444444444445 0.004166666666666667 0.011111111111111112
1 0.6005208333333333 0.787962962962963 0.009375 0.012962962962962964
0 0.55859375 0.3819444444444445 0.5067708333333333 0.7546296296296297
2 0.5546875 0.40740740740740744 0.0020833333333333333 0.003703703703703704
3 0.5544270833333333 0.41064814814814815 0.0984375 0.1787037037037037
