1 0.6364583333333333 0.1814814814814815 0.007291666666666667 0.016666666666666666
1 0.6190104166666667 0.1962962962962963 0.0078125 0.014814814814814815
1 0.65 0.225 0.00625 0.012962962962962964
1 0.6005208333333333 0.274537037037037 0.005208333333333333 0.015740740740740743
1 0.5625 0.3087962962962963 0.007291666666666667 0.01388888888888889
1 0.6958333333333333 0.3314814814814815 0.00625 0.012962962962962964
1 0.56484375 0.5865740740740741 0.0078125 0.01388888888888889
1 0.4317708333333333 0.750925925925926 0.009375 0.014814814814814815
1 0.4908854166666667 0.9009259259259259 0.008854166666666666 0.016666666666666666
1 0.6111979166666667 0.7314814814814815 0.008854166666666666 0.016666666666666666
1 0.6223958333333334 0.5995370370370371 0.00625 0.010185185185185186
1 0.63515625 0.6138888888888889 0.0067708333333333336 0.012962962962962964
1 0.6721354166666667 0.6425925925925926 0.0067708333333333336 0.014814814814814815
1 0.76640625 0.6546296296296297 0.0067708333333333336 0.016666666666666666
0 0.6208333333333333 0.5462962962962963 0.490625 0.7944444444444445
2 0.6151041666666667 0.6324074074074074 0.0010416666666666667 0.005555555555555556
3 0.61875 0.6296296296296297 0.10416666666666667 0.15555555555555556
