1 0.4666666666666667 0.1 0.009375 0.016666666666666666
1 0.46041666666666664 0.3490740740740741 0.009375 0.014814814814814815
1 0.39348958333333334 0.6907407407407408 0.0067708333333333336 0.009259259259259259
1 0.4088541666666667 0.701388888888889 0.005208333333333333 0.01388888888888889
1 0.4046875 0.8074074074074075 0.008333333333333333 0.012962962962962964
1 0.5278645833333333 0.7597222222222223 0.0078125 0.015740740740740743
1 0.6375 0.38703703703703707 0.010416666666666666 0.014814814814814815
1 0.6354166666666666 0.46481481481481485 0.009375 0.014814814814814815
1 0.6278645833333333 0.6041666666666667 0.0078125 0.019444444444444445
1 0.6591145833333333 0.5611111111111111 0.005729166666666666 0.016666666666666666
1 0.6580729166666667 0.4689814814814815 0.0078125 0.017592592592592594
1 0.6778645833333333 0.34861111111111115 0.008854166666666666 0.01388888888888889
1 0.7294270833333333 0.3402777777777778 0.008854166666666666 0.01388888888888889
1 0.6838541666666667 0.3912037037037037 0.007291666666666667 0.01388888888888889
1 0.7052083333333333 0.45601851851851855 0.00625 0.01388888888888889
1 0.6958333333333333 0.47824074074074074 0.007291666666666667 0.015740740740740743
1 0.7106770833333333 0.5425925925925926 0.0078125 0.016666666666666666
1 0.6911458333333333 0.5842592592592593 0.007291666666666667 0.014814814814814815
1 0.671875 0.5995370370370371 0.008333333333333333 0.01388888888888889
1 0.7895833333333333 0.5069444444444444 0.008333333333333333 0.01388888888888889
0 0.5794270833333334 0.4166666666666667 0.5619791666666667 0.8277777777777778
2 0.5713541666666666 0.44537037037037036 0.0010416666666666667 0.005555555555555556
3 0.5713541666666666 0.4365740740740741 0.11354166666666667 0.17314814814814816
