1 0.440625 0.513425925925926 0.005208333333333333 0.010185185185185186
1 0.5424479166666667 0.5083333333333333 0.005729166666666666 0.009259259259259259
1 0.609375 0.537962962962963 0.00625 0.011111111111111112
1 0.4471354166666667 0.5731481481481482 0.005729166666666666 0.011111111111111112
1 0.45625 0.5787037037037037 0.005208333333333333 0.009259259259259259
1 0.4692708333333333 0.5851851851851853 0.009375 0.009259259259259259
1 0.4536458333333333 0.7416666666666667 0.007291666666666667 0.011111111111111112
1 0.45 0.7694444444444445 0.007291666666666667 0.011111111111111112
1 0.6661458333333333 0.6615740740740741 0.005208333333333333 0.010185185185185186
0 0.5572916666666666 0.4425925925925926 0.4875 0.7722222222222223
2 0.5552083333333333 0.500925925925926 0.003125 0.001851851851851852
3 0.5552083333333333 0.500925925925926 0.1 0.16296296296296298
