1 0.6015625 0.05462962962962963 0.00625 0.012962962962962964
1 0.5213541666666667 0.10138888888888889 0.009375 0.010185185185185186
1 0.47369791666666666 0.39583333333333337 0.0078125 0.01388888888888889
1 0.37109375 0.36435185185185187 0.0078125 0.010185185185185186
1 0.409375 0.49768518518518523 0.008333333333333333 0.01388888888888889
1 0.4552083333333333 0.47453703703703703 0.008333333333333333 0.015740740740740743
1 0.4296875 0.638425925925926 0.007291666666666667 0.01388888888888889
1 0.5 0.5125000000000001 0.00625 0.015740740740740743
1 0.5309895833333333 0.6810185185185186 0.0067708333333333336 0.012037037037037037
1 0.5354166666666667 0.7101851851851853 0.00625 0.012962962962962964
1 0.509375 0.7458333333333333 0.005208333333333333 0.012037037037037037
1 0.5802083333333333 0.7087962962962964 0.005208333333333333 0.010185185185185186
1 0.5721354166666667 0.7162037037037037 0.005729166666666666 0.012037037037037037
1 0.5692708333333333 0.736574074074074 0.00625 0.008333333333333333
1 0.6010416666666667 0.7833333333333333 0.008333333333333333 0.012962962962962964
1 0.6033854166666667 0.7328703703703704 0.0067708333333333336 0.010185185185185186
1 0.5619791666666667 0.5263888888888889 0.008333333333333333 0.01388888888888889
1 0.6046875 0.5125000000000001 0.007291666666666667 0.012037037037037037
1 0.721875 0.3509259259259259 0.00625 0.012962962962962964
1 0.6666666666666666 0.4652777777777778 0.007291666666666667 0.01388888888888889
1 0.6869791666666667 0.4712962962962963 0.008333333333333333 0.009259259259259259
1 0.6846354166666666 0.5203703703703704 0.008854166666666666 0.012962962962962964
0 0.55625 0.375 0.5135416666666667 0.7407407407407408
2 0.5546875 0.3990740740740741 0.0020833333333333333 0.001851851851851852
3 0.5557291666666666 0.39722222222222225 0.103125 0.17777777777777778
