1 0.49583333333333335 0.058333333333333334 0.009375 0.016666666666666666
1 0.5479166666666666 0.1875 0.0125 0.015740740740740743
1 0.6278645833333333 0.29444444444444445 0.0109375 0.020370370370370372
1 0.4981770833333333 0.4615740740740741 0.011979166666666666 0.017592592592592594
1 0.3963541666666667 0.7273148148148149 0.009375 0.021296296296296296
1 0.6036458333333333 0.7736111111111111 0.011458333333333333 0.019444444444444445
1 0.2895833333333333 0.5601851851851852 0.009375 0.012962962962962964
0 0.565625 0.4967592592592593 0.66875 0.987962962962963
2 0.5557291666666666 0.5023148148148149 0.004166666666666667 0.004629629629629629
3 0.5557291666666666 0.49953703703703706 0.13020833333333334 0.2138888888888889
