1 0.6013020833333333 0.05787037037037037 0.0067708333333333336 0.010185185185185186
1 0.5223958333333333 0.10694444444444445 0.007291666666666667 0.010185185185185186
1 0.496875 0.2902777777777778 0.007291666666666667 0.01388888888888889
1 0.7221354166666667 0.35694444444444445 0.0067708333333333336 0.012037037037037037
1 0.65703125 0.3513888888888889 0.0078125 0.012037037037037037
1 0.66171875 0.37083333333333335 0.0067708333333333336 0.01388888888888889
1 0.6455729166666666 0.41620370370370374 0.008854166666666666 0.012037037037037037
1 0.68984375 0.4277777777777778 0.0067708333333333336 0.012962962962962964
1 0.7140625 0.47731481481481486 0.007291666666666667 0.015740740740740743
1 0.6875 0.475462962962963 0.00625 0.010185185185185186
1 0.68515625 0.5240740740740741 0.0067708333333333336 0.012962962962962964
1 0.6671875 0.46805555555555556 0.009375 0.01388888888888889
1 0.65625 0.48564814814814816 0.008333333333333333 0.010185185185185186
1 0.7059895833333333 0.6953703703703704 0.0067708333333333336 0.014814814814814815
1 0.8002604166666667 0.6662037037037037 0.0067708333333333336 0.01388888888888889
1 0.6369791666666667 0.4476851851851852 0.007291666666666667 0.012037037037037037
1 0.6369791666666667 0.49259259259259264 0.007291666666666667 0.009259259259259259
1 0.64296875 0.5300925925925926 0.005729166666666666 0.012037037037037037
1 0.628125 0.5486111111111112 0.005208333333333333 0.01388888888888889
1 0.6283854166666667 0.5814814814814815 0.0078125 0.011111111111111112
1 0.621875 0.6208333333333333 0.008333333333333333 0.010185185185185186
1 0.6049479166666667 0.7356481481481482 0.005729166666666666 0.008333333333333333
1 0.646875 0.788888888888889 0.009375 0.012962962962962964
1 0.6005208333333333 0.7865740740740741 0.007291666666666667 0.012037037037037037
1 0.5799479166666667 0.7115740740740741 0.005729166666666666 0.010185185185185186
1 0.5729166666666666 0.7203703703703704 0.00625 0.012962962962962964
1 0.5700520833333333 0.7398148148148148 0.0046875 0.009259259259259259
1 0.5513020833333333 0.7722222222222223 0.005729166666666666 0.009259259259259259
1 0.49166666666666664 0.7648148148148148 0.004166666666666667 0.012962962962962964
1 0.5104166666666666 0.7518518518518519 0.005208333333333333 0.012962962962962964
1 0.5528645833333333 0.7199074074074074 0.005729166666666666 0.015740740740740743
1 0.5361979166666666 0.7157407407407408 0.0078125 0.011111111111111112
1 0.53203125 0.6851851851851852 0.0067708333333333336 0.012962962962962964
1 0.55859375 0.6666666666666667 0.0078125 0.012962962962962964
1 0.5747395833333333 0.6300925925925926 0.005729166666666666 0.017592592592592594
1 0.5828125 0.6226851851851852 0.005208333333333333 0.012037037037037037
1 0.5927083333333333 0.5907407407407408 0.00625 0.012962962962962964
1 0.6052083333333333 0.5166666666666667 0.008333333333333333 0.012962962962962964
1 0.6059895833333333 0.45462962962962966 0.0078125 0.012962962962962964
1 0.6046875 0.41203703703703703 0.007291666666666667 0.011111111111111112
1 0.5924479166666666 0.3625 0.0067708333333333336 0.012037037037037037
1 0.5872395833333334 0.5185185185185185 0.0078125 0.012962962962962964
1 0.5541666666666667 0.4291666666666667 0.005208333333333333 0.010185185185185186
1 0.5533854166666666 0.4902777777777778 0.0078125 0.008333333333333333
1 0.5614583333333333 0.5300925925925926 0.00625 0.012037037037037037
1 0.5059895833333333 0.6615740740740741 0.005729166666666666 0.012037037037037037
1 0.5276041666666667 0.5412037037037037 0.00625 0.01388888888888889
1 0.5247395833333334 0.49444444444444446 0.0067708333333333336 0.014814814814814815
1 0.5216145833333333 0.46111111111111114 0.005729166666666666 0.011111111111111112
1 0.49947916666666664 0.3736111111111111 0.007291666666666667 0.01388888888888889
1 0.5013020833333334 0.4740740740740741 0.0067708333333333336 0.012962962962962964
1 0.5015625 0.5162037037037037 0.007291666666666667 0.012037037037037037
1 0.475 0.40046296296296297 0.008333333333333333 0.012037037037037037
1 0.45677083333333335 0.4800925925925926 0.00625 0.01388888888888889
1 0.46640624999999997 0.5791666666666667 0.0078125 0.01388888888888889
1 0.47942708333333334 0.6319444444444444 0.0067708333333333336 0.012037037037037037
1 0.4419270833333333 0.6527777777777778 0.0078125 0.014814814814814815
1 0.4315104166666667 0.6444444444444445 0.0078125 0.012962962962962964
1 0.43671875 0.549537037037037 0.0078125 0.012037037037037037
1 0.4158854166666667 0.4013888888888889 0.0078125 0.010185185185185186
1 0.4109375 0.5037037037037038 0.009375 0.011111111111111112
1 0.3770833333333333 0.5851851851851853 0.007291666666666667 0.014814814814814815
1 0.3734375 0.37083333333333335 0.008333333333333333 0.010185185185185186
0 0.5622395833333333 0.37777777777777777 0.5119791666666667 0.7425925925925926
2 0.5567708333333333 0.3990740740740741 0.0 0.001851851851851852
3 0.5552083333333333 0.4050925925925926 0.1 0.18055555555555555
