1 0.6861979166666666 0.4078703703703704 0.008854166666666666 0.01388888888888889
1 0.6395833333333333 0.47824074074074074 0.008333333333333333 0.012037037037037037
1 0.6611979166666666 0.48333333333333334 0.0067708333333333336 0.012962962962962964
1 0.70859375 0.4712962962962963 0.0078125 0.012962962962962964
1 0.6997395833333333 0.4962962962962963 0.0078125 0.014814814814814815
1 0.6645833333333333 0.576388888888889 0.008333333333333333 0.012037037037037037
1 0.7140625 0.5587962962962963 0.007291666666666667 0.01388888888888889
1 0.69609375 0.600462962962963 0.0078125 0.015740740740740743
1 0.7934895833333333 0.5263888888888889 0.0067708333333333336 0.012037037037037037
0 0.5802083333333333 0.4175925925925926 0.565625 0.8222222222222223
2 0.5747395833333333 0.4537037037037037 0.0015625 0.003703703703703704
3 0.5765625 0.4476851851851852 0.11458333333333333 0.1824074074074074
