1 0.6393229166666666 0.27314814814814814 0.0109375 0.014814814814814815
1 0.62265625 0.2851851851851852 0.008854166666666666 0.018518518518518517
1 0.6533854166666666 0.31712962962962965 0.0067708333333333336 0.015740740740740743
1 0.6041666666666666 0.3601851851851852 0.00625 0.014814814814814815
1 0.5682291666666667 0.3925925925925926 0.007291666666666667 0.016666666666666666
1 0.6984375 0.42453703703703705 0.007291666666666667 0.017592592592592594
1 0.56875 0.6564814814814816 0.008333333333333333 0.014814814814814815
1 0.44114583333333335 0.8064814814814815 0.009375 0.014814814814814815
1 0.49895833333333334 0.951388888888889 0.011458333333333333 0.017592592592592594
1 0.6151041666666667 0.800462962962963 0.008333333333333333 0.015740740740740743
1 0.6247395833333333 0.6726851851851852 0.0067708333333333336 0.01388888888888889
1 0.6372395833333333 0.6870370370370371 0.0067708333333333336 0.014814814814814815
1 0.6734375 0.7166666666666667 0.008333333333333333 0.016666666666666666
1 0.76328125 0.7347222222222223 0.009895833333333333 0.019444444444444445
0 0.6192708333333333 0.6171296296296297 0.46770833333333334 0.7657407407407407
2 0.6192708333333333 0.7055555555555556 0.0010416666666666667 0.001851851851851852
3 0.6192708333333333 0.700462962962963 0.09583333333333333 0.16203703703703703
