1 0.61796875 0.1962962962962963 0.0067708333333333336 0.018518518518518517
1 0.65078125 0.2240740740740741 0.0078125 0.016666666666666666
1 0.565625 0.5856481481481481 0.007291666666666667 0.015740740740740743
1 0.4328125 0.750925925925926 0.010416666666666666 0.012962962962962964
1 0.490625 0.900462962962963 0.008333333333333333 0.01388888888888889
1 0.61171875 0.7296296296296296 0.0078125 0.016666666666666666
1 0.6229166666666667 0.5995370370370371 0.007291666666666667 0.01388888888888889
1 0.6354166666666666 0.6134259259259259 0.00625 0.015740740740740743
1 0.67265625 0.6435185185185185 0.0078125 0.014814814814814815
1 0.7671875 0.6541666666666667 0.007291666666666667 0.015740740740740743
0 0.6234375 0.549537037037037 0.49583333333333335 0.8083333333333333
2 0.6161458333333333 0.6333333333333333 0.003125 0.007407407407407408
3 0.6166666666666667 0.6282407407407408 0.09479166666666666 0.15833333333333333
