1 0.65 0.22361111111111112 0.007291666666666667 0.012037037037037037
1 0.6182291666666666 0.19675925925925927 0.008333333333333333 0.019444444444444445
1 0.5653645833333333 0.5856481481481481 0.005729166666666666 0.017592592592592594
1 0.43255208333333334 0.750462962962963 0.008854166666666666 0.015740740740740743
1 0.490625 0.8990740740740741 0.009375 0.016666666666666666
1 0.6111979166666667 0.7296296296296296 0.0078125 0.018518518518518517
1 0.6234375 0.5995370370370371 0.00625 0.015740740740740743
1 0.6354166666666666 0.6138888888888889 0.007291666666666667 0.014814814814814815
1 0.67265625 0.6421296296296296 0.005729166666666666 0.015740740740740743
1 0.7666666666666666 0.6555555555555556 0.00625 0.014814814814814815
0 0.61875 0.5467592592592593 0.4947916666666667 0.8101851851851852
2 0.6192708333333333 0.6342592592592593 0.005208333333333333 0.009259259259259259
3 0.6182291666666666 0.6263888888888889 0.10104166666666667 0.16203703703703703
