1 0.6182291666666666 0.19444444444444445 0.007291666666666667 0.018518518518518517
1 0.5645833333333333 0.5851851851851853 0.007291666666666667 0.016666666666666666
1 0.6231770833333333 0.5990740740740741 0.008854166666666666 0.012962962962962964
1 0.4322916666666667 0.75 0.007291666666666667 0.018518518518518517
1 0.4903645833333333 0.9013888888888889 0.008854166666666666 0.017592592592592594
1 0.6122395833333333 0.7310185185185185 0.008854166666666666 0.019444444444444445
1 0.76640625 0.6555555555555556 0.0078125 0.016666666666666666
0 0.6247395833333333 0.5476851851851852 0.49114583333333334 0.8083333333333333
2 0.6171875 0.6287037037037038 0.0010416666666666667 0.005555555555555556
3 0.61796875 0.6277777777777778 0.0984375 0.16111111111111112
