1 0.6395833333333333 0.1865740740740741 0.008333333333333333 0.015740740740740743
1 0.6216145833333333 0.2013888888888889 0.008854166666666666 0.017592592592592594
1 0.6544270833333333 0.23055555555555557 0.0067708333333333336 0.014814814814814815
1 0.6052083333333333 0.2800925925925926 0.00625 0.015740740740740743
1 0.56796875 0.312962962962963 0.008854166666666666 0.012962962962962964
1 0.7010416666666667 0.34490740740740744 0.007291666666666667 0.015740740740740743
1 0.56875 0.5907407407407408 0.009375 0.018518518518518517
1 0.6255208333333333 0.6041666666666667 0.007291666666666667 0.01388888888888889
1 0.6388020833333333 0.6180555555555556 0.005729166666666666 0.01388888888888889
1 0.6760416666666667 0.65 0.0125 0.022222222222222223
1 0.7692708333333333 0.6652777777777779 0.010416666666666666 0.019444444444444445
1 0.6151041666666667 0.7407407407407408 0.013541666666666667 0.022222222222222223
1 0.4359375 0.7546296296296297 0.007291666666666667 0.018518518518518517
1 0.4940104166666667 0.9027777777777778 0.009895833333333333 0.014814814814814815
0 0.6263020833333334 0.5523148148148148 0.48593749999999997 0.8064814814814815
2 0.6197916666666666 0.6407407407407407 0.004166666666666667 0.003703703703703704
3 0.6190104166666667 0.6337962962962963 0.09739583333333333 0.1564814814814815
