1 0.5216145833333333 0.10787037037037038 0.0078125 0.010185185185185186
1 0.3734375 0.3717592592592593 0.007291666666666667 0.01388888888888889
1 0.47421874999999997 0.4013888888888889 0.008854166666666666 0.01388888888888889
1 0.45677083333333335 0.48240740740740745 0.007291666666666667 0.014814814814814815
1 0.5611979166666666 0.5347222222222222 0.008854166666666666 0.012037037037037037
1 0.6059895833333333 0.5185185185185185 0.008854166666666666 0.011111111111111112
1 0.7213541666666666 0.3592592592592593 0.008333333333333333 0.011111111111111112
1 0.6864583333333333 0.47731481481481486 0.009375 0.012037037037037037
1 0.6841145833333333 0.5277777777777778 0.0067708333333333336 0.014814814814814815
1 0.5731770833333333 0.7222222222222222 0.0078125 0.014814814814814815
1 0.56953125 0.7444444444444445 0.005729166666666666 0.011111111111111112
1 0.6005208333333333 0.788888888888889 0.008333333333333333 0.014814814814814815
0 0.55859375 0.37777777777777777 0.5109375 0.75
2 0.553125 0.40555555555555556 0.0010416666666666667 0.003703703703703704
3 0.5552083333333333 0.4041666666666667 0.10208333333333333 0.17500000000000002
