1 0.5213541666666667 0.10925925925925926 0.007291666666666667 0.011111111111111112
1 0.3716145833333333 0.37222222222222223 0.0078125 0.011111111111111112
1 0.4739583333333333 0.40324074074074073 0.007291666666666667 0.01388888888888889
1 0.45677083333333335 0.48379629629629634 0.008333333333333333 0.01388888888888889
1 0.56171875 0.5333333333333333 0.009895833333333333 0.012962962962962964
1 0.6059895833333333 0.5189814814814815 0.009895833333333333 0.01388888888888889
1 0.6856770833333333 0.47685185185185186 0.0078125 0.014814814814814815
1 0.6838541666666667 0.5268518518518519 0.007291666666666667 0.012962962962962964
1 0.7208333333333333 0.35694444444444445 0.007291666666666667 0.010185185185185186
1 0.5703125 0.7430555555555556 0.008333333333333333 0.010185185185185186
1 0.5997395833333333 0.788425925925926 0.008854166666666666 0.012037037037037037
0 0.5588541666666667 0.38101851851851853 0.5166666666666666 0.7601851851851852
2 0.553125 0.40370370370370373 0.0010416666666666667 0.003703703703703704
3 0.5541666666666667 0.4050925925925926 0.10208333333333333 0.17685185185185187
