1 0.61875 0.19675925925925927 0.008333333333333333 0.017592592592592594
1 0.6505208333333333 0.22314814814814815 0.007291666666666667 0.011111111111111112
1 0.6010416666666667 0.27361111111111114 0.009375 0.019444444444444445
1 0.5661458333333333 0.5861111111111111 0.007291666666666667 0.018518518518518517
1 0.43307291666666664 0.7523148148148149 0.011979166666666666 0.015740740740740743
1 0.49166666666666664 0.9 0.008333333333333333 0.018518518518518517
1 0.6125 0.7296296296296296 0.008333333333333333 0.016666666666666666
1 0.62265625 0.5990740740740741 0.0067708333333333336 0.014814814814814815
1 0.6361979166666667 0.6138888888888889 0.0067708333333333336 0.012962962962962964
1 0.6729166666666666 0.6430555555555556 0.007291666666666667 0.017592592592592594
1 0.7674479166666667 0.6550925925925927 0.009895833333333333 0.015740740740740743
0 0.6213541666666667 0.5458333333333334 0.4979166666666667 0.8046296296296297
2 0.6166666666666667 0.6351851851851852 0.00625 0.007407407407407408
3 0.6182291666666666 0.625462962962963 0.09791666666666667 0.16018518518518518
