1 0.6388020833333333 0.1875 0.0078125 0.015740740740740743
1 0.6213541666666667 0.2013888888888889 0.00625 0.015740740740740743
1 0.6536458333333334 0.23194444444444445 0.008333333333333333 0.01388888888888889
1 0.6033854166666667 0.2800925925925926 0.0109375 0.017592592592592594
1 0.5653645833333333 0.3148148148148148 0.0078125 0.014814814814814815
1 0.69921875 0.3425925925925926 0.0078125 0.016666666666666666
1 0.5674479166666666 0.5907407407407408 0.005729166666666666 0.014814814814814815
1 0.43463541666666666 0.7523148148148149 0.0067708333333333336 0.015740740740740743
1 0.6140625 0.737962962962963 0.00625 0.012962962962962964
1 0.6239583333333333 0.6069444444444445 0.00625 0.010185185185185186
1 0.6380208333333334 0.6226851851851852 0.007291666666666667 0.01388888888888889
1 0.6747395833333333 0.6537037037037037 0.0078125 0.016666666666666666
1 0.7684895833333333 0.6680555555555556 0.0078125 0.01388888888888889
1 0.49374999999999997 0.9018518518518519 0.008333333333333333 0.014814814814814815
0 0.6268229166666667 0.5513888888888889 0.49322916666666666 0.8083333333333333
2 0.6177083333333333 0.638888888888889 0.0 0.003703703703703704
3 0.6190104166666667 0.6324074074074074 0.09739583333333333 0.17037037037037037
