1 0.4596354166666667 0.10648148148148148 0.0067708333333333336 0.014814814814814815
1 0.45416666666666666 0.3564814814814815 0.008333333333333333 0.011111111111111112
1 0.3890625 0.6995370370370371 0.005208333333333333 0.010185185185185186
1 0.4028645833333333 0.7106481481481481 0.0067708333333333336 0.01388888888888889
1 0.3966145833333333 0.8111111111111111 0.005729166666666666 0.014814814814814815
1 0.5203125 0.7666666666666667 0.00625 0.012962962962962964
1 0.5236979166666667 0.46990740740740744 0.0078125 0.010185185185185186
1 0.5528645833333333 0.4675925925925926 0.0067708333333333336 0.014814814814814815
1 0.56796875 0.5300925925925926 0.0078125 0.012037037037037037
1 0.5817708333333333 0.6949074074074074 0.00625 0.012037037037037037
1 0.6208333333333333 0.6111111111111112 0.008333333333333333 0.011111111111111112
1 0.6479166666666667 0.3050925925925926 0.005208333333333333 0.012037037037037037
1 0.6296875 0.39305555555555555 0.00625 0.01388888888888889
1 0.62890625 0.46990740740740744 0.005729166666666666 0.012037037037037037
1 0.6424479166666667 0.3861111111111111 0.0067708333333333336 0.016666666666666666
1 0.6703125 0.3541666666666667 0.00625 0.015740740740740743
1 0.7216145833333333 0.34305555555555556 0.005729166666666666 0.010185185185185186
1 0.6763020833333333 0.39675925925925926 0.0067708333333333336 0.015740740740740743
1 0.6513020833333333 0.47361111111111115 0.0067708333333333336 0.01388888888888889
1 0.6434895833333333 0.5027777777777778 0.008854166666666666 0.012962962962962964
1 0.653125 0.5662037037037038 0.00625 0.012037037037037037
1 0.6651041666666666 0.6046296296296296 0.008333333333333333 0.012962962962962964
1 0.6979166666666666 0.45972222222222225 0.008333333333333333 0.010185185185185186
1 0.6888020833333334 0.48750000000000004 0.0078125 0.012037037037037037
1 0.68359375 0.5893518518518519 0.0078125 0.01388888888888889
1 0.7028645833333333 0.5458333333333334 0.0078125 0.01388888888888889
1 0.73828125 0.5611111111111111 0.0067708333333333336 0.012962962962962964
1 0.7640625 0.45 0.008333333333333333 0.012962962962962964
1 0.7817708333333333 0.5101851851851852 0.007291666666666667 0.012962962962962964
1 0.78828125 0.5657407407407408 0.0067708333333333336 0.012962962962962964
0 0.5731770833333333 0.4166666666666667 0.5661458333333333 0.8314814814814815
2 0.5645833333333333 0.44722222222222224 0.0020833333333333333 0.005555555555555556
3 0.5625 0.4416666666666667 0.11458333333333333 0.18333333333333335
