1 0.54609375 0.13194444444444445 0.0078125 0.01388888888888889
1 0.66953125 0.3060185185185185 0.005729166666666666 0.012037037037037037
1 0.6080729166666666 0.3092592592592593 0.008854166666666666 0.014814814814814815
1 0.5390625 0.36944444444444446 0.007291666666666667 0.011111111111111112
1 0.5263020833333333 0.6967592592592593 0.0067708333333333336 0.01388888888888889
1 0.56015625 0.5833333333333334 0.0078125 0.014814814814814815
1 0.5786458333333333 0.512962962962963 0.007291666666666667 0.014814814814814815
1 0.5979166666666667 0.47453703703703703 0.00625 0.012037037037037037
1 0.6221354166666666 0.47685185185185186 0.0067708333333333336 0.014814814814814815
1 0.6377604166666666 0.5185185185185185 0.0078125 0.016666666666666666
1 0.6744791666666666 0.46944444444444444 0.00625 0.018518518518518517
1 0.6919270833333333 0.4652777777777778 0.0067708333333333336 0.01388888888888889
1 0.7036458333333333 0.5064814814814815 0.00625 0.016666666666666666
1 0.7567708333333333 0.425462962962963 0.008333333333333333 0.01388888888888889
0 0.5752604166666666 0.40370370370370373 0.5401041666666666 0.7981481481481482
2 0.5697916666666667 0.43472222222222223 0.0020833333333333333 0.004629629629629629
3 0.5700520833333333 0.4277777777777778 0.1109375 0.1851851851851852
