1 0.521875 0.1087962962962963 0.010416666666666666 0.015740740740740743
1 0.3731770833333333 0.3717592592592593 0.0067708333333333336 0.015740740740740743
1 0.4734375 0.40231481481481485 0.008333333333333333 0.012037037037037037
1 0.45677083333333335 0.48240740740740745 0.009375 0.014814814814814815
1 0.5609375 0.5310185185185186 0.007291666666666667 0.015740740740740743
1 0.6049479166666667 0.5185185185185185 0.008854166666666666 0.011111111111111112
1 0.6864583333333333 0.47731481481481486 0.009375 0.017592592592592594
1 0.68359375 0.5263888888888889 0.008854166666666666 0.012037037037037037
1 0.7208333333333333 0.35694444444444445 0.009375 0.012037037037037037
1 0.58046875 0.7125 0.005729166666666666 0.008333333333333333
1 0.5723958333333333 0.7208333333333333 0.00625 0.012037037037037037
1 0.5697916666666667 0.7439814814814815 0.00625 0.012037037037037037
1 0.6005208333333333 0.7870370370370371 0.00625 0.009259259259259259
0 0.5611979166666666 0.3819444444444445 0.5098958333333333 0.7546296296296297
2 0.5546875 0.4083333333333333 0.00625 0.005555555555555556
3 0.5552083333333333 0.4064814814814815 0.1 0.17962962962962964
