1 0.6390625 0.47824074074074074 0.00625 0.01388888888888889
1 0.6622395833333333 0.4828703703703704 0.0067708333333333336 0.015740740740740743
1 0.70859375 0.47175925925925927 0.0067708333333333336 0.010185185185185186
1 0.6989583333333333 0.4953703703703704 0.007291666666666667 0.016666666666666666
1 0.6643229166666667 0.575462962962963 0.009895833333333333 0.01388888888888889
1 0.69453125 0.6 0.0078125 0.012962962962962964
1 0.7135416666666666 0.5564814814814815 0.00625 0.011111111111111112
1 0.7932291666666667 0.525462962962963 0.007291666666666667 0.012037037037037037
0 0.5796875 0.40694444444444444 0.5625 0.8120370370370371
2 0.57421875 0.4537037037037037 0.0046875 0.003703703703703704
3 0.5752604166666666 0.4476851851851852 0.11197916666666667 0.17500000000000002
