1 0.6440104166666667 0.37777777777777777 0.005729166666666666 0.014814814814814815
1 0.6434895833333333 0.45787037037037037 0.0067708333333333336 0.01388888888888889
1 0.6908854166666667 0.3824074074074074 0.0067708333333333336 0.011111111111111112
1 0.6651041666666666 0.46064814814814814 0.009375 0.012037037037037037
1 0.6671875 0.5560185185185186 0.007291666666666667 0.015740740740740743
1 0.7125 0.4462962962962963 0.005208333333333333 0.011111111111111112
1 0.7028645833333333 0.4726851851851852 0.0078125 0.01388888888888889
1 0.7171875 0.5328703703703704 0.007291666666666667 0.012037037037037037
1 0.6979166666666666 0.5777777777777778 0.008333333333333333 0.014814814814814815
1 0.7971354166666667 0.4981481481481482 0.008854166666666666 0.012962962962962964
0 0.5856770833333333 0.4134259259259259 0.5692708333333333 0.8250000000000001
2 0.578125 0.4375 0.007291666666666667 0.006481481481481482
3 0.5776041666666667 0.4310185185185185 0.1125 0.18796296296296297
