1 0.6020833333333333 0.05648148148148149 0.007291666666666667 0.012962962962962964
1 0.52265625 0.10324074074074074 0.0078125 0.010185185185185186
1 0.496875 0.2884259259259259 0.007291666666666667 0.010185185185185186
1 0.37265625 0.3685185185185185 0.005729166666666666 0.011111111111111112
1 0.4106770833333333 0.5050925925925926 0.0067708333333333336 0.012037037037037037
1 0.3765625 0.5861111111111111 0.007291666666666667 0.011111111111111112
1 0.43645833333333334 0.5509259259259259 0.00625 0.012962962962962964
1 0.45651041666666664 0.4800925925925926 0.0078125 0.012037037037037037
1 0.4317708333333333 0.6458333333333334 0.005208333333333333 0.012037037037037037
1 0.44114583333333335 0.6518518518518519 0.00625 0.014814814814814815
1 0.46640624999999997 0.5800925925925926 0.0067708333333333336 0.015740740740740743
1 0.4791666666666667 0.6324074074074074 0.007291666666666667 0.012962962962962964
1 0.5065104166666666 0.6615740740740741 0.0078125 0.012037037037037037
1 0.49166666666666664 0.7657407407407407 0.005208333333333333 0.011111111111111112
1 0.5106770833333333 0.7495370370370371 0.005729166666666666 0.010185185185185186
1 0.5322916666666666 0.6842592592592592 0.008333333333333333 0.014814814814814815
1 0.5359375 0.7143518518518519 0.007291666666666667 0.01388888888888889
1 0.47421874999999997 0.3995370370370371 0.0078125 0.015740740740740743
1 0.5018229166666667 0.47314814814814815 0.0078125 0.011111111111111112
1 0.5005208333333333 0.5152777777777778 0.00625 0.01388888888888889
1 0.5270833333333333 0.5398148148148149 0.007291666666666667 0.012962962962962964
1 0.5533854166666666 0.42824074074074076 0.0067708333333333336 0.01388888888888889
1 0.5919270833333333 0.35879629629629634 0.005729166666666666 0.010185185185185186
1 0.5611979166666666 0.5291666666666667 0.008854166666666666 0.015740740740740743
1 0.5697916666666667 0.7402777777777778 0.005208333333333333 0.010185185185185186
1 0.57265625 0.7194444444444444 0.005729166666666666 0.011111111111111112
1 0.58125 0.7115740740740741 0.008333333333333333 0.012037037037037037
1 0.6041666666666666 0.7361111111111112 0.007291666666666667 0.012962962962962964
1 0.6013020833333333 0.7847222222222222 0.0067708333333333336 0.012037037037037037
1 0.5864583333333333 0.5157407407407407 0.008333333333333333 0.014814814814814815
1 0.6057291666666667 0.5152777777777778 0.007291666666666667 0.012037037037037037
1 0.6442708333333333 0.41435185185185186 0.007291666666666667 0.01388888888888889
1 0.6622395833333333 0.3703703703703704 0.005729166666666666 0.012962962962962964
1 0.721875 0.35370370370370374 0.00625 0.012962962962962964
1 0.6888020833333334 0.425462962962963 0.0078125 0.01388888888888889
1 0.6364583333333333 0.49074074074074076 0.008333333333333333 0.011111111111111112
1 0.6424479166666667 0.5273148148148148 0.005729166666666666 0.015740740740740743
1 0.6283854166666667 0.5796296296296296 0.0067708333333333336 0.012962962962962964
1 0.65625 0.48333333333333334 0.007291666666666667 0.012962962962962964
1 0.6658854166666667 0.46481481481481485 0.0078125 0.011111111111111112
1 0.6861979166666666 0.4740740740740741 0.0078125 0.012962962962962964
1 0.684375 0.5226851851851853 0.008333333333333333 0.012037037037037037
1 0.7130208333333333 0.47500000000000003 0.007291666666666667 0.012962962962962964
0 0.5606770833333333 0.37083333333333335 0.5130208333333334 0.7287037037037037
2 0.5552083333333333 0.4027777777777778 0.005208333333333333 0.005555555555555556
3 0.55625 0.4013888888888889 0.10416666666666667 0.18055555555555555
