1 0.6010416666666667 0.05787037037037037 0.007291666666666667 0.010185185185185186
1 0.52265625 0.10462962962962963 0.0078125 0.016666666666666666
1 0.49765624999999997 0.2898148148148148 0.0078125 0.012962962962962964
1 0.7221354166666667 0.35555555555555557 0.0067708333333333336 0.016666666666666666
1 0.6611979166666666 0.3712962962962963 0.008854166666666666 0.014814814814814815
1 0.64375 0.41574074074074074 0.008333333333333333 0.014814814814814815
1 0.6869791666666667 0.47453703703703703 0.007291666666666667 0.012037037037037037
1 0.6846354166666666 0.5231481481481481 0.0067708333333333336 0.018518518518518517
1 0.6661458333333333 0.46805555555555556 0.009375 0.012037037037037037
1 0.65703125 0.48564814814814816 0.0078125 0.01388888888888889
1 0.6375 0.4930555555555556 0.00625 0.015740740740740743
1 0.6044270833333333 0.5171296296296296 0.0078125 0.012037037037037037
1 0.6291666666666667 0.5800925925925926 0.009375 0.01388888888888889
1 0.5544270833333333 0.42962962962962964 0.008854166666666666 0.014814814814814815
1 0.56171875 0.5291666666666667 0.008854166666666666 0.010185185185185186
1 0.6046875 0.7361111111111112 0.004166666666666667 0.011111111111111112
1 0.6010416666666667 0.7865740740740741 0.007291666666666667 0.012037037037037037
1 0.5809895833333333 0.7101851851851853 0.0067708333333333336 0.011111111111111112
1 0.5729166666666666 0.7203703703703704 0.007291666666666667 0.012962962962962964
1 0.57109375 0.7430555555555556 0.005729166666666666 0.012037037037037037
1 0.53203125 0.6861111111111111 0.0067708333333333336 0.012962962962962964
1 0.5361979166666666 0.7162037037037037 0.0067708333333333336 0.015740740740740743
1 0.5119791666666667 0.7513888888888889 0.00625 0.008333333333333333
1 0.48046875 0.6333333333333333 0.0067708333333333336 0.012962962962962964
1 0.4322916666666667 0.6481481481481481 0.008333333333333333 0.011111111111111112
1 0.5015625 0.47500000000000003 0.007291666666666667 0.012962962962962964
1 0.5013020833333334 0.5185185185185185 0.005729166666666666 0.012962962962962964
1 0.4744791666666667 0.40046296296296297 0.007291666666666667 0.01388888888888889
1 0.45729166666666665 0.48055555555555557 0.008333333333333333 0.012962962962962964
1 0.4671875 0.5819444444444445 0.00625 0.012037037037037037
1 0.43723958333333335 0.5537037037037037 0.0067708333333333336 0.014814814814814815
1 0.4109375 0.5050925925925926 0.00625 0.012037037037037037
1 0.37786458333333334 0.5888888888888889 0.009895833333333333 0.011111111111111112
1 0.3734375 0.3717592592592593 0.008333333333333333 0.01388888888888889
0 0.5606770833333333 0.3740740740740741 0.5046875 0.7425925925925926
2 0.553125 0.40092592592592596 0.003125 0.001851851851851852
3 0.5557291666666666 0.4046296296296297 0.10104166666666667 0.18333333333333335
