1 0.6393229166666666 0.47685185185185186 0.005729166666666666 0.012962962962962964
1 0.6609375 0.48194444444444445 0.00625 0.012037037037037037
1 0.7080729166666666 0.4708333333333333 0.0078125 0.012037037037037037
1 0.6989583333333333 0.49583333333333335 0.007291666666666667 0.015740740740740743
1 0.6640625 0.5750000000000001 0.008333333333333333 0.012962962962962964
1 0.6958333333333333 0.600925925925926 0.00625 0.012962962962962964
1 0.7135416666666666 0.5564814814814815 0.007291666666666667 0.014814814814814815
1 0.7921875 0.525 0.008333333333333333 0.012962962962962964
0 0.57890625 0.41435185185185186 0.5630208333333333 0.8231481481481482
2 0.5734375 0.4564814814814815 0.0010416666666666667 0.001851851851851852
3 0.57421875 0.4462962962962963 0.11197916666666667 0.18888888888888888
