1 0.45807291666666666 0.09722222222222222 0.0078125 0.014814814814814815
1 0.45286458333333335 0.3490740740740741 0.005729166666666666 0.012962962962962964
1 0.3880208333333333 0.6912037037037038 0.008333333333333333 0.01388888888888889
1 0.4028645833333333 0.701388888888889 0.0067708333333333336 0.015740740740740743
1 0.5213541666666667 0.7597222222222223 0.009375 0.015740740740740743
1 0.5828125 0.6898148148148149 0.008333333333333333 0.012962962962962964
1 0.621875 0.6078703703703704 0.008333333333333333 0.012037037037037037
1 0.5682291666666667 0.524537037037037 0.005208333333333333 0.01388888888888889
1 0.52421875 0.4666666666666667 0.005729166666666666 0.011111111111111112
1 0.5533854166666666 0.4615740740740741 0.0078125 0.010185185185185186
1 0.6486979166666667 0.30092592592592593 0.0067708333333333336 0.016666666666666666
1 0.6302083333333334 0.38703703703703707 0.00625 0.014814814814814815
1 0.6307291666666667 0.46851851851851856 0.008333333333333333 0.012962962962962964
1 0.6442708333333333 0.3787037037037037 0.005208333333333333 0.014814814814814815
1 0.6705729166666666 0.3513888888888889 0.0078125 0.01388888888888889
1 0.72265625 0.33981481481481485 0.0078125 0.012962962962962964
1 0.6768229166666666 0.3925925925925926 0.005729166666666666 0.014814814814814815
1 0.6989583333333333 0.45925925925925926 0.00625 0.014814814814814815
1 0.6520833333333333 0.4726851851851852 0.007291666666666667 0.01388888888888889
1 0.6440104166666667 0.5 0.0067708333333333336 0.012962962962962964
1 0.653125 0.5620370370370371 0.00625 0.011111111111111112
1 0.6651041666666666 0.6013888888888889 0.007291666666666667 0.015740740740740743
1 0.6848958333333334 0.5856481481481481 0.008333333333333333 0.012037037037037037
1 0.7044270833333334 0.5444444444444445 0.0067708333333333336 0.014814814814814815
1 0.6901041666666666 0.4851851851851852 0.005208333333333333 0.014814814814814815
1 0.7640625 0.45046296296296295 0.00625 0.01388888888888889
1 0.7828125 0.5101851851851852 0.008333333333333333 0.016666666666666666
1 0.7901041666666666 0.5666666666666667 0.00625 0.012962962962962964
1 0.740625 0.5592592592592592 0.008333333333333333 0.016666666666666666
1 0.3971354166666667 0.8064814814814815 0.0067708333333333336 0.011111111111111112
0 0.5736979166666667 0.41944444444444445 0.5609375 0.8333333333333334
2 0.5640625 0.44537037037037036 0.0010416666666666667 0.001851851851851852
3 0.5661458333333333 0.43842592592592594 0.11041666666666666 0.17314814814814816
