1 0.6169270833333333 0.2925925925925926 0.008854166666666666 0.014814814814814815
1 0.6794270833333333 0.28935185185185186 0.0067708333333333336 0.015740740740740743
1 0.60625 0.4615740740740741 0.007291666666666667 0.012037037037037037
1 0.5864583333333333 0.49953703703703706 0.007291666666666667 0.012037037037037037
1 0.56796875 0.5694444444444444 0.0078125 0.016666666666666666
1 0.63203125 0.4638888888888889 0.0078125 0.014814814814814815
1 0.646875 0.5055555555555555 0.007291666666666667 0.014814814814814815
1 0.6848958333333334 0.45833333333333337 0.008333333333333333 0.016666666666666666
1 0.7020833333333333 0.4537037037037037 0.007291666666666667 0.012962962962962964
1 0.7130208333333333 0.49583333333333335 0.00625 0.015740740740740743
1 0.7666666666666666 0.41481481481481486 0.00625 0.014814814814814815
1 0.53671875 0.6870370370370371 0.0078125 0.016666666666666666
0 0.5872395833333334 0.3944444444444445 0.5463541666666667 0.7796296296296297
2 0.5796875 0.4115740740740741 0.004166666666666667 0.000925925925925926
3 0.5783854166666667 0.41250000000000003 0.1109375 0.1953703703703704
