1 0.52109375 0.1087962962962963 0.0078125 0.010185185185185186
1 0.3731770833333333 0.3731481481481482 0.005729166666666666 0.011111111111111112
1 0.45677083333333335 0.4847222222222222 0.007291666666666667 0.010185185185185186
1 0.4734375 0.4013888888888889 0.007291666666666667 0.012037037037037037
1 0.5604166666666667 0.5324074074074074 0.008333333333333333 0.014814814814814815
1 0.6049479166666667 0.5175925925925926 0.0067708333333333336 0.011111111111111112
1 0.7200520833333334 0.35555555555555557 0.005729166666666666 0.012962962962962964
1 0.6651041666666666 0.4675925925925926 0.007291666666666667 0.012962962962962964
1 0.6854166666666667 0.475462962962963 0.009375 0.010185185185185186
1 0.6838541666666667 0.5259259259259259 0.008333333333333333 0.016666666666666666
1 0.53671875 0.7171296296296297 0.0078125 0.010185185185185186
1 0.51015625 0.7527777777777778 0.0067708333333333336 0.011111111111111112
1 0.5807291666666666 0.712962962962963 0.005208333333333333 0.007407407407407408
1 0.571875 0.7189814814814816 0.007291666666666667 0.010185185185185186
1 0.5697916666666667 0.7425925925925926 0.005208333333333333 0.009259259259259259
1 0.6 0.7861111111111111 0.007291666666666667 0.009259259259259259
0 0.5591145833333333 0.37962962962962965 0.5119791666666667 0.7462962962962963
2 0.5552083333333333 0.4064814814814815 0.005208333333333333 0.005555555555555556
3 0.5541666666666667 0.4064814814814815 0.10416666666666667 0.17962962962962964
