1 0.4002604166666667 0.6833333333333333 0.0046875 0.011111111111111112
1 0.6447916666666667 0.3768518518518519 0.008333333333333333 0.012962962962962964
1 0.64453125 0.45601851851851855 0.0078125 0.01388888888888889
1 0.6908854166666667 0.38333333333333336 0.0067708333333333336 0.014814814814814815
1 0.66484375 0.4601851851851852 0.0067708333333333336 0.011111111111111112
1 0.7127604166666667 0.44537037037037036 0.0067708333333333336 0.011111111111111112
1 0.703125 0.47175925925925927 0.007291666666666667 0.012037037037037037
1 0.6661458333333333 0.5537037037037037 0.00625 0.014814814814814815
1 0.7174479166666666 0.5342592592592593 0.0078125 0.012962962962962964
1 0.6986979166666667 0.5768518518518518 0.0067708333333333336 0.012962962962962964
1 0.796875 0.4990740740740741 0.008333333333333333 0.016666666666666666
0 0.58515625 0.4134259259259259 0.5619791666666667 0.8250000000000001
2 0.578125 0.4365740740740741 0.0010416666666666667 0.004629629629629629
3 0.57890625 0.4291666666666667 0.11197916666666667 0.1824074074074074
