1 0.5466145833333333 0.12731481481481483 0.0078125 0.012037037037037037
1 0.5393229166666667 0.3666666666666667 0.005729166666666666 0.012962962962962964
1 0.6091145833333333 0.3050925925925926 0.0067708333333333336 0.012037037037037037
1 0.6700520833333333 0.3023148148148148 0.0067708333333333336 0.015740740740740743
1 0.528125 0.6962962962962963 0.007291666666666667 0.014814814814814815
1 0.5604166666666667 0.5782407407407407 0.008333333333333333 0.012037037037037037
1 0.5791666666666666 0.5097222222222222 0.00625 0.012037037037037037
1 0.59765625 0.47361111111111115 0.0078125 0.01388888888888889
1 0.6223958333333334 0.4708333333333333 0.007291666666666667 0.01388888888888889
1 0.6385416666666667 0.5152777777777778 0.007291666666666667 0.012037037037037037
1 0.67578125 0.4666666666666667 0.0046875 0.012962962962962964
1 0.6924479166666666 0.46111111111111114 0.0067708333333333336 0.012962962962962964
1 0.7046875 0.5050925925925926 0.00625 0.01388888888888889
1 0.7223958333333333 0.5041666666666667 0.009375 0.012037037037037037
1 0.7565104166666666 0.4226851851851852 0.0067708333333333336 0.01388888888888889
1 0.8088541666666667 0.412962962962963 0.008333333333333333 0.014814814814814815
0 0.5768229166666666 0.4 0.5411458333333333 0.7944444444444445
2 0.5708333333333333 0.4305555555555556 0.0 0.003703703703703704
3 0.5703125 0.4240740740740741 0.10625 0.1851851851851852
