1 0.44166666666666665 0.40046296296296297 0.00625 0.008333333333333333
1 0.4497395833333333 0.4652777777777778 0.0067708333333333336 0.010185185185185186
1 0.45807291666666666 0.4726851851851852 0.005729166666666666 0.010185185185185186
1 0.4700520833333333 0.4791666666666667 0.0067708333333333336 0.012037037037037037
1 0.45625 0.6476851851851853 0.007291666666666667 0.012037037037037037
1 0.45208333333333334 0.6787037037037037 0.007291666666666667 0.012962962962962964
1 0.5609375 0.725 0.005208333333333333 0.011111111111111112
1 0.5466145833333333 0.3944444444444445 0.0067708333333333336 0.011111111111111112
1 0.6169270833333333 0.42962962962962964 0.005729166666666666 0.014814814814814815
1 0.6770833333333334 0.5712962962962963 0.00625 0.012962962962962964
1 0.78671875 0.6935185185185185 0.0078125 0.011111111111111112
2 0.56328125 0.3680555555555556 0.5036458333333333 0.7342592592592593
2 0.5596354166666666 0.3925925925925926 0.005729166666666666 0.003703703703703704
3 0.5609375 0.38981481481481484 0.10625 0.17407407407407408
