1 0.6020833333333333 0.06851851851851852 0.007291666666666667 0.011111111111111112
1 0.52265625 0.11527777777777778 0.0078125 0.012037037037037037
1 0.4986979166666667 0.3023148148148148 0.0067708333333333336 0.012037037037037037
1 0.7236979166666666 0.3699074074074074 0.0067708333333333336 0.015740740740740743
1 0.7158854166666666 0.487962962962963 0.0078125 0.014814814814814815
1 0.6921875 0.4425925925925926 0.007291666666666667 0.012962962962962964
1 0.6895833333333333 0.487962962962963 0.00625 0.014814814814814815
1 0.6856770833333333 0.5319444444444444 0.0078125 0.015740740740740743
1 0.659375 0.3662037037037037 0.007291666666666667 0.01388888888888889
1 0.6658854166666667 0.3856481481481482 0.009895833333333333 0.012037037037037037
1 0.6479166666666667 0.4324074074074074 0.008333333333333333 0.014814814814814815
1 0.6401041666666667 0.46064814814814814 0.007291666666666667 0.012037037037037037
1 0.6692708333333334 0.4791666666666667 0.009375 0.012037037037037037
1 0.6588541666666666 0.4967592592592593 0.007291666666666667 0.01388888888888889
1 0.6395833333333333 0.5037037037037038 0.009375 0.014814814814814815
1 0.6434895833333333 0.5370370370370371 0.0078125 0.009259259259259259
1 0.6299479166666666 0.5856481481481481 0.0078125 0.015740740740740743
1 0.6234375 0.6268518518518519 0.008333333333333333 0.011111111111111112
1 0.5942708333333333 0.3731481481481482 0.005208333333333333 0.011111111111111112
1 0.6065104166666666 0.4236111111111111 0.009895833333333333 0.012037037037037037
1 0.6072916666666667 0.4671296296296297 0.008333333333333333 0.01388888888888889
1 0.6072916666666667 0.524537037037037 0.007291666666666667 0.012037037037037037
1 0.5888020833333333 0.525462962962963 0.0078125 0.010185185185185186
1 0.55546875 0.4393518518518519 0.0067708333333333336 0.012037037037037037
1 0.5630208333333333 0.5402777777777777 0.005208333333333333 0.01388888888888889
1 0.5940104166666667 0.5962962962962963 0.0078125 0.011111111111111112
1 0.5838541666666667 0.6291666666666667 0.007291666666666667 0.012037037037037037
1 0.5768229166666666 0.6351851851851852 0.008854166666666666 0.011111111111111112
1 0.5588541666666667 0.6712962962962963 0.007291666666666667 0.012962962962962964
1 0.5815104166666667 0.7143518518518519 0.005729166666666666 0.010185185185185186
1 0.5739583333333333 0.7226851851851852 0.005208333333333333 0.010185185185185186
1 0.5713541666666666 0.7430555555555556 0.00625 0.010185185185185186
1 0.6046875 0.7388888888888889 0.005208333333333333 0.011111111111111112
1 0.6005208333333333 0.7875 0.008333333333333333 0.01388888888888889
1 0.6458333333333334 0.788425925925926 0.009375 0.010185185185185186
1 0.5520833333333334 0.774537037037037 0.008333333333333333 0.010185185185185186
1 0.5109375 0.7560185185185185 0.005208333333333333 0.008333333333333333
1 0.49296875 0.7712962962962964 0.0067708333333333336 0.011111111111111112
1 0.5372395833333333 0.7194444444444444 0.005729166666666666 0.011111111111111112
1 0.5328125 0.6888888888888889 0.007291666666666667 0.016666666666666666
1 0.50703125 0.6666666666666667 0.005729166666666666 0.012962962962962964
1 0.5283854166666666 0.549537037037037 0.0078125 0.010185185185185186
1 0.5252604166666667 0.5013888888888889 0.0078125 0.012037037037037037
1 0.503125 0.4842592592592593 0.00625 0.011111111111111112
1 0.5028645833333333 0.525462962962963 0.0067708333333333336 0.01388888888888889
1 0.47682291666666665 0.41203703703703703 0.0067708333333333336 0.012962962962962964
1 0.4583333333333333 0.48935185185185187 0.00625 0.01388888888888889
1 0.46770833333333334 0.5884259259259259 0.007291666666666667 0.012037037037037037
1 0.4809895833333333 0.6407407407407407 0.0067708333333333336 0.012962962962962964
1 0.44375 0.6597222222222222 0.00625 0.010185185185185186
1 0.43333333333333335 0.6541666666666667 0.00625 0.01388888888888889
1 0.4395833333333333 0.5601851851851852 0.007291666666666667 0.012962962962962964
1 0.4125 0.5152777777777778 0.00625 0.012037037037037037
1 0.37916666666666665 0.5976851851851852 0.008333333333333333 0.01388888888888889
1 0.375 0.3814814814814815 0.009375 0.012962962962962964
1 0.8005208333333333 0.6671296296296296 0.007291666666666667 0.01388888888888889
0 0.56015625 0.37592592592592594 0.5057291666666667 0.7425925925925926
2 0.5567708333333333 0.4115740740740741 0.0 0.000925925925925926
3 0.5591145833333333 0.41574074074074074 0.10781249999999999 0.17777777777777778
