1 0.46249999999999997 0.08750000000000001 0.008333333333333333 0.012037037037037037
1 0.4578125 0.3425925925925926 0.009375 0.012962962962962964
1 0.39296875 0.6898148148148149 0.0067708333333333336 0.012962962962962964
1 0.40651041666666665 0.701388888888889 0.0078125 0.015740740740740743
1 0.5247395833333334 0.7578703703703704 0.0078125 0.015740740740740743
1 0.40260416666666665 0.8032407407407408 0.007291666666666667 0.012037037037037037
1 0.6260416666666666 0.6046296296296296 0.009375 0.011111111111111112
1 0.6354166666666666 0.3851851851851852 0.009375 0.016666666666666666
1 0.6341145833333334 0.4601851851851852 0.0067708333333333336 0.016666666666666666
1 0.6557291666666667 0.4620370370370371 0.00625 0.012962962962962964
1 0.6580729166666667 0.5564814814814815 0.0067708333333333336 0.014814814814814815
1 0.6690104166666666 0.5990740740740741 0.008854166666666666 0.016666666666666666
1 0.68984375 0.5819444444444445 0.0067708333333333336 0.017592592592592594
1 0.7091145833333333 0.5393518518518519 0.0078125 0.015740740740740743
1 0.69375 0.47222222222222227 0.009375 0.016666666666666666
1 0.7033854166666667 0.45046296296296295 0.0067708333333333336 0.012037037037037037
1 0.6809895833333334 0.38703703703703707 0.0078125 0.016666666666666666
1 0.6765625 0.3453703703703704 0.008333333333333333 0.016666666666666666
1 0.7276041666666666 0.33796296296296297 0.008333333333333333 0.018518518518518517
1 0.78828125 0.5013888888888889 0.0078125 0.01388888888888889
0 0.5770833333333333 0.41481481481481486 0.5677083333333334 0.8277777777777778
2 0.5697916666666667 0.4425925925925926 0.004166666666666667 0.007407407407407408
3 0.5703125 0.4310185185185185 0.11354166666666667 0.17500000000000002
