1 0.4708333333333333 0.08611111111111111 0.007291666666666667 0.014814814814814815
1 0.6419270833333334 0.3736111111111111 0.005729166666666666 0.015740740740740743
1 0.6408854166666667 0.4537037037037037 0.0078125 0.014814814814814815
1 0.6328125 0.600462962962963 0.007291666666666667 0.015740740740740743
1 0.66328125 0.5537037037037037 0.0067708333333333336 0.012962962962962964
1 0.6622395833333333 0.4569444444444445 0.0078125 0.015740740740740743
1 0.6825520833333333 0.33472222222222225 0.005729166666666666 0.017592592592592594
1 0.7346354166666667 0.32546296296296295 0.0078125 0.015740740740740743
1 0.6880208333333333 0.3768518518518519 0.007291666666666667 0.016666666666666666
1 0.7002604166666666 0.46990740740740744 0.0078125 0.015740740740740743
1 0.7098958333333333 0.4425925925925926 0.005208333333333333 0.011111111111111112
1 0.7145833333333333 0.5314814814814816 0.00625 0.014814814814814815
1 0.6958333333333333 0.576388888888889 0.007291666666666667 0.017592592592592594
1 0.6765625 0.5912037037037037 0.008333333333333333 0.015740740740740743
1 0.39869791666666665 0.6819444444444445 0.009895833333333333 0.01388888888888889
1 0.79375 0.4962962962962963 0.007291666666666667 0.011111111111111112
0 0.5817708333333333 0.4115740740740741 0.5666666666666667 0.8175925925925926
2 0.5747395833333333 0.4337962962962963 0.0015625 0.002777777777777778
3 0.5760416666666667 0.42685185185185187 0.11145833333333333 0.18333333333333335
