1 0.45989583333333334 0.11064814814814815 0.007291666666666667 0.010185185185185186
1 0.4544270833333333 0.35694444444444445 0.0078125 0.012037037037037037
1 0.38984375 0.701388888888889 0.0067708333333333336 0.010185185185185186
1 0.4041666666666667 0.7125 0.009375 0.012037037037037037
1 0.3971354166666667 0.8138888888888889 0.0078125 0.012962962962962964
1 0.5200520833333333 0.7703703703703704 0.009895833333333333 0.011111111111111112
1 0.5833333333333334 0.701388888888889 0.008333333333333333 0.015740740740740743
1 0.5236979166666667 0.4740740740740741 0.0067708333333333336 0.009259259259259259
1 0.553125 0.4689814814814815 0.007291666666666667 0.015740740740740743
1 0.6486979166666667 0.3087962962962963 0.0067708333333333336 0.01388888888888889
1 0.6299479166666666 0.3939814814814815 0.0067708333333333336 0.012037037037037037
1 0.64296875 0.3861111111111111 0.0078125 0.012962962962962964
1 0.6708333333333333 0.35694444444444445 0.00625 0.012037037037037037
1 0.7221354166666667 0.3462962962962963 0.008854166666666666 0.014814814814814815
1 0.6296875 0.4726851851851852 0.00625 0.015740740740740743
1 0.6760416666666667 0.3990740740740741 0.008333333333333333 0.018518518518518517
1 0.65078125 0.4763888888888889 0.0078125 0.01388888888888889
1 0.6432291666666666 0.5046296296296297 0.007291666666666667 0.011111111111111112
1 0.6216145833333333 0.6157407407407408 0.0078125 0.014814814814814815
1 0.6533854166666666 0.5689814814814815 0.0078125 0.01388888888888889
1 0.6651041666666666 0.6083333333333334 0.007291666666666667 0.014814814814814815
1 0.6848958333333334 0.5925925925925926 0.009375 0.012962962962962964
1 0.6890625 0.48935185185185187 0.00625 0.012037037037037037
1 0.6973958333333333 0.4620370370370371 0.00625 0.012962962962962964
1 0.7028645833333333 0.549074074074074 0.0078125 0.014814814814814815
1 0.7817708333333333 0.5148148148148148 0.007291666666666667 0.016666666666666666
0 0.57421875 0.41064814814814815 0.5661458333333333 0.8194444444444445
2 0.5661458333333333 0.4527777777777778 0.005208333333333333 0.001851851851851852
3 0.5643229166666667 0.4416666666666667 0.11614583333333334 0.18333333333333335
