1 0.47031249999999997 0.09583333333333334 0.008333333333333333 0.017592592592592594
1 0.4640625 0.3421296296296296 0.010416666666666666 0.01388888888888889
1 0.39791666666666664 0.6847222222222222 0.00625 0.010185185185185186
1 0.4109375 0.6958333333333334 0.00625 0.010185185185185186
1 0.40572916666666664 0.7990740740740742 0.007291666666666667 0.011111111111111112
1 0.5302083333333333 0.7523148148148149 0.008333333333333333 0.012037037037037037
1 0.640625 0.3814814814814815 0.007291666666666667 0.014814814814814815
1 0.6395833333333333 0.4569444444444445 0.007291666666666667 0.01388888888888889
1 0.6315104166666666 0.5986111111111111 0.0078125 0.015740740740740743
1 0.6619791666666667 0.4615740740740741 0.007291666666666667 0.015740740740740743
1 0.66328125 0.5546296296296297 0.0067708333333333336 0.014814814814814815
1 0.6760416666666667 0.5935185185185186 0.007291666666666667 0.012962962962962964
1 0.68125 0.34351851851851856 0.008333333333333333 0.014814814814814815
1 0.6880208333333333 0.38657407407407407 0.007291666666666667 0.01388888888888889
1 0.69921875 0.4726851851851852 0.005729166666666666 0.015740740740740743
1 0.69453125 0.576388888888889 0.0067708333333333336 0.012037037037037037
1 0.7140625 0.5342592592592593 0.00625 0.014814814814814815
1 0.7091145833333333 0.4486111111111111 0.005729166666666666 0.012037037037037037
1 0.7341145833333333 0.33472222222222225 0.0078125 0.01388888888888889
1 0.7934895833333333 0.4981481481481482 0.0067708333333333336 0.011111111111111112
0 0.5822916666666667 0.42129629629629634 0.565625 0.837037037037037
2 0.5752604166666666 0.437962962962963 0.0046875 0.005555555555555556
3 0.5752604166666666 0.4310185185185185 0.11197916666666667 0.1787037037037037
