1 0.6018229166666667 0.05555555555555556 0.005729166666666666 0.009259259259259259
1 0.52265625 0.10324074074074074 0.0078125 0.010185185185185186
1 0.37265625 0.3675925925925926 0.0078125 0.011111111111111112
1 0.40963541666666664 0.5032407407407408 0.0067708333333333336 0.012037037037037037
1 0.37578125 0.5842592592592593 0.005729166666666666 0.011111111111111112
1 0.4322916666666667 0.6458333333333334 0.007291666666666667 0.012037037037037037
1 0.4359375 0.549537037037037 0.007291666666666667 0.012037037037037037
1 0.45677083333333335 0.4777777777777778 0.00625 0.011111111111111112
1 0.4739583333333333 0.39814814814814814 0.007291666666666667 0.014814814814814815
1 0.5010416666666666 0.47314814814814815 0.007291666666666667 0.012962962962962964
1 0.5005208333333333 0.5148148148148148 0.007291666666666667 0.014814814814814815
1 0.4661458333333333 0.5791666666666667 0.00625 0.012037037037037037
1 0.5315104166666667 0.6837962962962963 0.0067708333333333336 0.012037037037037037
1 0.5364583333333334 0.7148148148148148 0.007291666666666667 0.012962962962962964
1 0.5098958333333333 0.7513888888888889 0.008333333333333333 0.012037037037037037
1 0.56953125 0.7412037037037037 0.005729166666666666 0.012037037037037037
1 0.5721354166666667 0.7194444444444444 0.0067708333333333336 0.012962962962962964
1 0.5802083333333333 0.7111111111111111 0.00625 0.012962962962962964
1 0.6036458333333333 0.7351851851851852 0.00625 0.011111111111111112
1 0.6010416666666667 0.7851851851851852 0.010416666666666666 0.011111111111111112
1 0.5611979166666666 0.5287037037037037 0.0078125 0.014814814814814815
1 0.5541666666666667 0.42685185185185187 0.009375 0.012962962962962964
1 0.6052083333333333 0.5143518518518518 0.008333333333333333 0.015740740740740743
1 0.66171875 0.3680555555555556 0.0078125 0.010185185185185186
1 0.7213541666666666 0.3523148148148148 0.005208333333333333 0.010185185185185186
1 0.66640625 0.46435185185185185 0.0078125 0.012037037037037037
1 0.6557291666666667 0.4851851851851852 0.005208333333333333 0.012962962962962964
1 0.6864583333333333 0.47361111111111115 0.007291666666666667 0.015740740740740743
1 0.6838541666666667 0.5231481481481481 0.007291666666666667 0.016666666666666666
0 0.5606770833333333 0.3712962962962963 0.5088541666666666 0.7333333333333334
2 0.5536458333333333 0.3990740740740741 0.0 0.005555555555555556
3 0.553125 0.4013888888888889 0.10416666666666667 0.17685185185185187
