1 0.4596354166666667 0.11157407407407408 0.0067708333333333336 0.015740740740740743
1 0.45338541666666665 0.35879629629629634 0.0067708333333333336 0.015740740740740743
1 0.3893229166666667 0.7027777777777778 0.0078125 0.012962962962962964
1 0.40338541666666666 0.7138888888888889 0.0078125 0.012962962962962964
1 0.39765625 0.8143518518518519 0.005729166666666666 0.010185185185185186
1 0.5203125 0.7717592592592593 0.00625 0.012037037037037037
1 0.5236979166666667 0.47314814814814815 0.0067708333333333336 0.011111111111111112
1 0.5526041666666667 0.46851851851851856 0.00625 0.012962962962962964
1 0.5833333333333334 0.701388888888889 0.007291666666666667 0.012037037037037037
1 0.6296875 0.39537037037037037 0.007291666666666667 0.014814814814814815
1 0.6296875 0.47500000000000003 0.008333333333333333 0.011111111111111112
1 0.6216145833333333 0.6171296296296297 0.0078125 0.01388888888888889
1 0.64375 0.3893518518518519 0.00625 0.015740740740740743
1 0.6510416666666666 0.47870370370370374 0.00625 0.012962962962962964
1 0.6434895833333333 0.5069444444444444 0.008854166666666666 0.012037037037037037
1 0.65234375 0.5689814814814815 0.0078125 0.012037037037037037
1 0.6645833333333333 0.6106481481481482 0.007291666666666667 0.01388888888888889
1 0.68515625 0.5944444444444444 0.0078125 0.018518518518518517
1 0.703125 0.549537037037037 0.008333333333333333 0.015740740740740743
1 0.6888020833333334 0.49212962962962964 0.0078125 0.015740740740740743
1 0.6981770833333333 0.46296296296296297 0.0067708333333333336 0.012962962962962964
1 0.6697916666666667 0.3560185185185185 0.00625 0.01388888888888889
1 0.6765625 0.39814814814814814 0.00625 0.014814814814814815
1 0.72109375 0.34675925925925927 0.0078125 0.01388888888888889
1 0.7817708333333333 0.5152777777777778 0.007291666666666667 0.012037037037037037
0 0.57265625 0.42592592592592593 0.5671875 0.8462962962962963
2 0.5661458333333333 0.45462962962962966 0.003125 0.005555555555555556
3 0.5661458333333333 0.4444444444444445 0.1125 0.17777777777777778
