1 0.56484375 0.25833333333333336 0.0078125 0.012962962962962964
1 0.6122395833333333 0.3287037037037037 0.0078125 0.012962962962962964
1 0.46510416666666665 0.37222222222222223 0.007291666666666667 0.014814814814814815
1 0.5049479166666666 0.41250000000000003 0.0078125 0.01388888888888889
1 0.528125 0.412962962962963 0.00625 0.011111111111111112
1 0.5408854166666667 0.41111111111111115 0.0067708333333333336 0.009259259259259259
1 0.6263020833333334 0.600925925925926 0.008854166666666666 0.012962962962962964
1 0.6932291666666667 0.6800925925925926 0.008333333333333333 0.015740740740740743
1 0.49583333333333335 0.675462962962963 0.008333333333333333 0.01388888888888889
1 0.4861979166666667 0.7111111111111111 0.0067708333333333336 0.014814814814814815
1 0.7057291666666666 0.8078703703703703 0.010416666666666666 0.015740740740740743
1 0.43203125 0.5842592592592593 0.0067708333333333336 0.012962962962962964
1 0.37083333333333335 0.41111111111111115 0.008333333333333333 0.009259259259259259
1 0.3638020833333333 0.2726851851851852 0.0046875 0.017592592592592594
1 0.696875 0.4365740740740741 0.008333333333333333 0.025
0 0.5072916666666667 0.5203703703703704 0.54375 0.9592592592592593
2 0.5296875 0.5370370370370371 0.0020833333333333333 0.003703703703703704
3 0.5307291666666667 0.5402777777777777 0.11562499999999999 0.1787037037037037
