1 0.5395833333333333 0.24861111111111112 0.00625 0.008333333333333333
1 0.4791666666666667 0.37962962962962965 0.005208333333333333 0.011111111111111112
1 0.6010416666666667 0.42083333333333334 0.007291666666666667 0.010185185185185186
1 0.5997395833333333 0.4393518518518519 0.005729166666666666 0.010185185185185186
1 0.6177083333333333 0.5189814814814815 0.005208333333333333 0.01388888888888889
1 0.6125 0.5486111111111112 0.00625 0.012037037037037037
1 0.6471354166666666 0.7574074074074074 0.0067708333333333336 0.014814814814814815
0 0.5494791666666666 0.6134259259259259 0.496875 0.7731481481481481
2 0.55625 0.6537037037037037 0.0010416666666666667 0.005555555555555556
3 0.5575520833333333 0.6574074074074074 0.09947916666666666 0.1574074074074074
