1 0.565625 0.2587962962962963 0.008333333333333333 0.015740740740740743
1 0.6119791666666666 0.3287037037037037 0.009375 0.014814814814814815
1 0.46510416666666665 0.3703703703703704 0.009375 0.012962962962962964
1 0.36953125 0.41064814814814815 0.0078125 0.01388888888888889
1 0.43203125 0.5819444444444445 0.0078125 0.017592592592592594
1 0.4953125 0.674074074074074 0.007291666666666667 0.016666666666666666
1 0.48541666666666666 0.7083333333333334 0.009375 0.014814814814814815
1 0.5276041666666667 0.412962962962963 0.008333333333333333 0.016666666666666666
1 0.5408854166666667 0.40972222222222227 0.008854166666666666 0.01388888888888889
1 0.6270833333333333 0.5995370370370371 0.010416666666666666 0.017592592592592594
1 0.69296875 0.6814814814814815 0.0078125 0.012962962962962964
1 0.7057291666666666 0.8055555555555556 0.011458333333333333 0.016666666666666666
1 0.6958333333333333 0.4361111111111111 0.009375 0.016666666666666666
0 0.5083333333333333 0.5194444444444445 0.5458333333333333 0.9611111111111111
2 0.5302083333333333 0.5407407407407407 0.0010416666666666667 0.003703703703703704
3 0.5302083333333333 0.5430555555555556 0.1125 0.17685185185185187
