1 0.5408854166666667 0.274537037037037 0.0078125 0.012037037037037037
1 0.609375 0.2851851851851852 0.007291666666666667 0.009259259259259259
1 0.5776041666666667 0.31666666666666665 0.005208333333333333 0.009259259259259259
1 0.6122395833333333 0.3416666666666667 0.005729166666666666 0.011111111111111112
1 0.6036458333333333 0.35462962962962963 0.005208333333333333 0.011111111111111112
1 0.6067708333333334 0.362962962962963 0.005208333333333333 0.011111111111111112
1 0.48020833333333335 0.40370370370370373 0.005208333333333333 0.012962962962962964
1 0.51328125 0.3995370370370371 0.0067708333333333336 0.010185185185185186
1 0.49192708333333335 0.44722222222222224 0.0067708333333333336 0.014814814814814815
1 0.39348958333333334 0.5421296296296296 0.0067708333333333336 0.012037037037037037
1 0.55234375 0.425 0.0067708333333333336 0.014814814814814815
1 0.5473958333333333 0.44212962962962965 0.007291666666666667 0.01388888888888889
1 0.6182291666666666 0.4449074074074074 0.00625 0.008333333333333333
1 0.6356770833333333 0.47453703703703703 0.0067708333333333336 0.010185185185185186
1 0.6020833333333333 0.44907407407407407 0.008333333333333333 0.011111111111111112
1 0.5997395833333333 0.46574074074074073 0.005729166666666666 0.011111111111111112
1 0.5635416666666666 0.4726851851851852 0.008333333333333333 0.01388888888888889
1 0.6182291666666666 0.5453703703703704 0.009375 0.011111111111111112
1 0.6114583333333333 0.5773148148148148 0.00625 0.015740740740740743
1 0.64609375 0.7810185185185186 0.005729166666666666 0.012037037037037037
1 0.55234375 0.5574074074074075 0.0078125 0.014814814814814815
1 0.5252604166666667 0.5652777777777778 0.0078125 0.01388888888888889
1 0.5216145833333333 0.650462962962963 0.008854166666666666 0.012037037037037037
0 0.5510416666666667 0.6268518518518519 0.49583333333333335 0.7462962962962963
2 0.5567708333333333 0.6805555555555556 0.0020833333333333333 0.001851851851851852
3 0.5575520833333333 0.6814814814814815 0.09739583333333333 0.14814814814814814
