1 0.6106770833333334 0.2814814814814815 0.0046875 0.011111111111111112
1 0.5421875 0.27037037037037037 0.008333333333333333 0.011111111111111112
1 0.578125 0.31342592592592594 0.004166666666666667 0.010185185185185186
1 0.6145833333333334 0.3375 0.004166666666666667 0.010185185185185186
1 0.6044270833333333 0.35185185185185186 0.0046875 0.011111111111111112
1 0.6083333333333333 0.35879629629629634 0.005208333333333333 0.012037037037037037
1 0.5143229166666666 0.39305555555555555 0.0078125 0.01388888888888889
1 0.4828125 0.39537037037037037 0.00625 0.011111111111111112
1 0.4940104166666667 0.4351851851851852 0.005729166666666666 0.011111111111111112
1 0.553125 0.41805555555555557 0.007291666666666667 0.010185185185185186
1 0.5484375 0.4356481481481482 0.00625 0.010185185185185186
1 0.565625 0.4675925925925926 0.005208333333333333 0.012962962962962964
1 0.6026041666666666 0.4462962962962963 0.005208333333333333 0.011111111111111112
1 0.6002604166666666 0.4638888888888889 0.005729166666666666 0.012962962962962964
1 0.6182291666666666 0.4412037037037037 0.007291666666666667 0.010185185185185186
1 0.6361979166666667 0.47175925925925927 0.0067708333333333336 0.010185185185185186
1 0.684375 0.5587962962962963 0.008333333333333333 0.010185185185185186
1 0.61875 0.5430555555555556 0.007291666666666667 0.012037037037037037
1 0.6122395833333333 0.5712962962962963 0.005729166666666666 0.011111111111111112
1 0.5536458333333333 0.55 0.007291666666666667 0.012962962962962964
1 0.5276041666666667 0.5541666666666667 0.009375 0.012037037037037037
1 0.5236979166666667 0.6416666666666667 0.0067708333333333336 0.012962962962962964
1 0.64765625 0.774537037037037 0.0067708333333333336 0.01388888888888889
1 0.39609375 0.5287037037037037 0.008854166666666666 0.011111111111111112
0 0.55 0.6208333333333333 0.49374999999999997 0.7583333333333334
2 0.5572916666666666 0.6759259259259259 0.003125 0.003703703703703704
3 0.55859375 0.6731481481481482 0.09947916666666666 0.15185185185185185
