1 0.5669270833333333 0.25972222222222224 0.0078125 0.012037037037037037
1 0.6138020833333333 0.3300925925925926 0.008854166666666666 0.015740740740740743
1 0.37083333333333335 0.4115740740740741 0.007291666666666667 0.012037037037037037
1 0.46510416666666665 0.37222222222222223 0.00625 0.014814814814814815
1 0.5286458333333334 0.41203703703703703 0.005208333333333333 0.014814814814814815
1 0.5411458333333333 0.4115740740740741 0.008333333333333333 0.015740740740740743
1 0.43307291666666664 0.5837962962962964 0.008854166666666666 0.017592592592592594
1 0.49635416666666665 0.6768518518518519 0.009375 0.014814814814814815
1 0.4856770833333333 0.7078703703703704 0.005729166666666666 0.01388888888888889
1 0.7057291666666666 0.8074074074074075 0.009375 0.018518518518518517
1 0.69296875 0.6805555555555556 0.0109375 0.016666666666666666
1 0.696875 0.4342592592592593 0.009375 0.016666666666666666
0 0.5091145833333334 0.5175925925925926 0.5442708333333334 0.9648148148148149
2 0.5322916666666666 0.5416666666666667 0.005208333333333333 0.001851851851851852
3 0.5307291666666667 0.5421296296296296 0.11354166666666667 0.17500000000000002
