1 0.5645833333333333 0.2574074074074074 0.005208333333333333 0.012962962962962964
1 0.46432291666666664 0.3703703703703704 0.005729166666666666 0.011111111111111112
1 0.37057291666666664 0.41111111111111115 0.0067708333333333336 0.011111111111111112
1 0.4309895833333333 0.5824074074074075 0.0078125 0.012962962962962964
1 0.49505208333333334 0.6763888888888889 0.0067708333333333336 0.012037037037037037
1 0.48515625 0.7101851851851853 0.008854166666666666 0.012962962962962964
1 0.5276041666666667 0.4115740740740741 0.00625 0.015740740740740743
1 0.5393229166666667 0.41203703703703703 0.008854166666666666 0.014814814814814815
1 0.69296875 0.6814814814814815 0.008854166666666666 0.012962962962962964
1 0.7044270833333334 0.8074074074074075 0.009895833333333333 0.012962962962962964
1 0.6973958333333333 0.4356481481481482 0.010416666666666666 0.012037037037037037
0 0.5075520833333333 0.5194444444444445 0.5411458333333333 0.9611111111111111
2 0.5296875 0.5425925925925926 0.0 0.003703703703703704
3 0.5296875 0.5421296296296296 0.11354166666666667 0.1824074074074074
