1 0.56796875 0.25 0.008854166666666666 0.016666666666666666
1 0.6138020833333333 0.3212962962962963 0.008854166666666666 0.016666666666666666
1 0.4661458333333333 0.36388888888888893 0.007291666666666667 0.014814814814814815
1 0.3734375 0.40231481481481485 0.009375 0.010185185185185186
1 0.36432291666666666 0.3592592592592593 0.0078125 0.016666666666666666
1 0.434375 0.576388888888889 0.008333333333333333 0.01388888888888889
1 0.46328125 0.45925925925925926 0.0067708333333333336 0.014814814814814815
1 0.3296875 0.8060185185185186 0.010416666666666666 0.01388888888888889
1 0.49895833333333334 0.65 0.00625 0.011111111111111112
1 0.496875 0.6703703703703704 0.008333333333333333 0.011111111111111112
1 0.4875 0.7037037037037037 0.007291666666666667 0.011111111111111112
1 0.50703125 0.40324074074074073 0.0067708333333333336 0.012037037037037037
1 0.52109375 0.37824074074074077 0.0078125 0.01388888888888889
1 0.5544270833333333 0.36203703703703705 0.008854166666666666 0.011111111111111112
1 0.5424479166666667 0.40324074074074073 0.0067708333333333336 0.01388888888888889
1 0.5296875 0.4050925925925926 0.008333333333333333 0.012037037037037037
1 0.6046875 0.4013888888888889 0.00625 0.01388888888888889
1 0.5997395833333333 0.42129629629629634 0.0067708333333333336 0.012962962962962964
1 0.6286458333333333 0.5944444444444444 0.008333333333333333 0.016666666666666666
1 0.69375 0.6768518518518519 0.007291666666666667 0.012962962962962964
1 0.6528645833333333 0.7273148148148149 0.0078125 0.012037037037037037
1 0.7067708333333333 0.8037037037037037 0.008333333333333333 0.014814814814814815
1 0.36640625 0.2638888888888889 0.0067708333333333336 0.012962962962962964
1 0.38619791666666664 0.26435185185185184 0.0078125 0.01388888888888889
1 0.6981770833333333 0.42685185185185187 0.0067708333333333336 0.014814814814814815
0 0.51171875 0.513888888888889 0.5411458333333333 0.9722222222222222
2 0.5322916666666666 0.5333333333333333 0.003125 0.003703703703703704
3 0.5333333333333333 0.5356481481481482 0.11354166666666667 0.17500000000000002
