1 0.53984375 0.2726851851851852 0.005729166666666666 0.008333333333333333
1 0.60859375 0.28750000000000003 0.005729166666666666 0.010185185185185186
1 0.5760416666666667 0.31666666666666665 0.005208333333333333 0.009259259259259259
1 0.6125 0.34120370370370373 0.00625 0.008333333333333333
1 0.6026041666666666 0.35555555555555557 0.005208333333333333 0.011111111111111112
1 0.6065104166666666 0.3625 0.005729166666666666 0.010185185185185186
1 0.48046875 0.3995370370370371 0.005729166666666666 0.012037037037037037
1 0.5127604166666666 0.3990740740740741 0.0067708333333333336 0.011111111111111112
1 0.49166666666666664 0.4439814814814815 0.007291666666666667 0.012037037037037037
1 0.55234375 0.425 0.005729166666666666 0.012962962962962964
1 0.54609375 0.44212962962962965 0.0078125 0.01388888888888889
1 0.5630208333333333 0.4740740740740741 0.005208333333333333 0.012962962962962964
1 0.59921875 0.46805555555555556 0.005729166666666666 0.012037037037037037
1 0.6002604166666666 0.45 0.0067708333333333336 0.012962962962962964
1 0.6171875 0.44537037037037036 0.00625 0.012962962962962964
1 0.6354166666666666 0.4763888888888889 0.008333333333333333 0.01388888888888889
1 0.5247395833333334 0.5620370370370371 0.0078125 0.012962962962962964
1 0.5520833333333334 0.5555555555555556 0.00625 0.012962962962962964
1 0.6171875 0.5486111111111112 0.007291666666666667 0.01388888888888889
1 0.6109375 0.575462962962963 0.00625 0.012037037037037037
1 0.5216145833333333 0.6513888888888889 0.0078125 0.01388888888888889
1 0.6463541666666667 0.7805555555555556 0.00625 0.014814814814814815
1 0.39375 0.5365740740740741 0.00625 0.012037037037037037
0 0.54921875 0.625925925925926 0.4973958333333333 0.7481481481481482
2 0.55625 0.6814814814814815 0.003125 0.003703703703703704
3 0.55703125 0.6819444444444445 0.0984375 0.14537037037037037
