1 0.5408854166666667 0.26851851851851855 0.0078125 0.011111111111111112
1 0.6096354166666667 0.2814814814814815 0.0078125 0.009259259259259259
1 0.5768229166666666 0.3143518518518519 0.0067708333333333336 0.010185185185185186
1 0.6125 0.337037037037037 0.004166666666666667 0.009259259259259259
1 0.60234375 0.350462962962963 0.005729166666666666 0.010185185185185186
1 0.60703125 0.3578703703703704 0.0067708333333333336 0.010185185185185186
1 0.5127604166666666 0.39583333333333337 0.0067708333333333336 0.012037037037037037
1 0.4809895833333333 0.4 0.0078125 0.009259259259259259
1 0.49244791666666665 0.4398148148148148 0.0067708333333333336 0.012962962962962964
1 0.5528645833333333 0.42083333333333334 0.005729166666666666 0.008333333333333333
1 0.54765625 0.4365740740740741 0.0078125 0.012037037037037037
1 0.6177083333333333 0.4393518518518519 0.007291666666666667 0.010185185185185186
1 0.6364583333333333 0.4703703703703704 0.005208333333333333 0.009259259259259259
1 0.6018229166666667 0.4444444444444445 0.0067708333333333336 0.009259259259259259
1 0.6 0.46064814814814814 0.00625 0.010185185185185186
1 0.5645833333333333 0.46944444444444444 0.00625 0.011111111111111112
1 0.6174479166666667 0.5402777777777777 0.0078125 0.010185185185185186
1 0.6119791666666666 0.5703703703703704 0.008333333333333333 0.012962962962962964
1 0.5520833333333334 0.5523148148148148 0.00625 0.01388888888888889
1 0.5252604166666667 0.5592592592592592 0.0078125 0.009259259259259259
1 0.3932291666666667 0.5361111111111111 0.007291666666666667 0.012962962962962964
1 0.52265625 0.6458333333333334 0.009895833333333333 0.010185185185185186
1 0.64609375 0.7787037037037038 0.0078125 0.012962962962962964
0 0.54921875 0.6226851851851852 0.49947916666666664 0.7546296296296297
2 0.5567708333333333 0.6759259259259259 0.0020833333333333333 0.003703703703703704
3 0.5575520833333333 0.6796296296296297 0.09739583333333333 0.15
