1 0.36953125 0.41064814814814815 0.0078125 0.01388888888888889
1 0.4640625 0.3726851851851852 0.007291666666666667 0.01388888888888889
1 0.4302083333333333 0.5837962962962964 0.010416666666666666 0.01388888888888889
1 0.49453125 0.6777777777777778 0.0078125 0.018518518518518517
1 0.48541666666666666 0.7106481481481481 0.007291666666666667 0.019444444444444445
1 0.5265625 0.41481481481481486 0.007291666666666667 0.012962962962962964
1 0.5403645833333334 0.41111111111111115 0.0067708333333333336 0.011111111111111112
1 0.6924479166666666 0.6810185185185186 0.0078125 0.012037037037037037
0 0.5065104166666666 0.5217592592592593 0.5348958333333333 0.9564814814814815
2 0.5296875 0.5435185185185185 0.0020833333333333333 0.001851851851851852
3 0.5296875 0.5430555555555556 0.11145833333333333 0.17685185185185187
