1 0.4244791666666667 0.011574074074074075 0.008333333333333333 0.012037037037037037
1 0.38515625 0.21944444444444444 0.0078125 0.007407407407407408
1 0.44869791666666664 0.3175925925925926 0.008854166666666666 0.009259259259259259
1 0.5934895833333333 0.4287037037037037 0.0067708333333333336 0.011111111111111112
1 0.5036458333333333 0.4990740740740741 0.007291666666666667 0.011111111111111112
1 0.46249999999999997 0.6078703703703704 0.00625 0.012037037037037037
1 0.45677083333333335 0.41250000000000003 0.00625 0.012037037037037037
1 0.4432291666666667 0.4314814814814815 0.008333333333333333 0.014814814814814815
1 0.4375 0.4675925925925926 0.008333333333333333 0.011111111111111112
1 0.41875 0.34814814814814815 0.007291666666666667 0.009259259259259259
1 0.41770833333333335 0.3680555555555556 0.007291666666666667 0.012037037037037037
1 0.4283854166666667 0.5189814814814815 0.0078125 0.012037037037037037
1 0.4296875 0.7398148148148148 0.007291666666666667 0.012962962962962964
1 0.3765625 0.34861111111111115 0.007291666666666667 0.010185185185185186
1 0.36875 0.437962962962963 0.007291666666666667 0.011111111111111112
1 0.3697916666666667 0.45972222222222225 0.007291666666666667 0.010185185185185186
1 0.3763020833333333 0.5060185185185185 0.0067708333333333336 0.015740740740740743
1 0.37421875 0.5902777777777778 0.005729166666666666 0.01388888888888889
1 0.33046875 0.7486111111111111 0.008854166666666666 0.015740740740740743
1 0.30546875 0.7194444444444444 0.008854166666666666 0.011111111111111112
1 0.2513020833333333 0.7111111111111111 0.0078125 0.009259259259259259
1 0.22604166666666667 0.6972222222222223 0.00625 0.012962962962962964
1 0.24505208333333334 0.6842592592592592 0.0067708333333333336 0.011111111111111112
1 0.24973958333333332 0.6583333333333333 0.008854166666666666 0.009259259259259259
1 0.3299479166666667 0.5689814814814815 0.005729166666666666 0.012037037037037037
1 0.33177083333333335 0.46342592592592596 0.00625 0.012037037037037037
1 0.321875 0.2990740740740741 0.011458333333333333 0.012962962962962964
1 0.32421875 0.3277777777777778 0.0067708333333333336 0.011111111111111112
1 0.31223958333333335 0.35833333333333334 0.0078125 0.011111111111111112
1 0.29244791666666664 0.3523148148148148 0.0067708333333333336 0.008333333333333333
1 0.30416666666666664 0.3763888888888889 0.005208333333333333 0.010185185185185186
1 0.2947916666666667 0.40925925925925927 0.007291666666666667 0.009259259259259259
1 0.2973958333333333 0.4342592592592593 0.007291666666666667 0.011111111111111112
1 0.3067708333333333 0.49583333333333335 0.007291666666666667 0.012037037037037037
1 0.29973958333333334 0.5106481481481482 0.0067708333333333336 0.012037037037037037
1 0.2875 0.538425925925926 0.007291666666666667 0.012037037037037037
1 0.28098958333333335 0.5972222222222222 0.0078125 0.009259259259259259
1 0.27369791666666665 0.5398148148148149 0.0067708333333333336 0.012962962962962964
1 0.26796875 0.30972222222222223 0.0078125 0.010185185185185186
1 0.24088541666666666 0.3226851851851852 0.009895833333333333 0.010185185185185186
1 0.22578125 0.35370370370370374 0.005729166666666666 0.011111111111111112
1 0.23463541666666665 0.45092592592592595 0.0067708333333333336 0.012962962962962964
1 0.2526041666666667 0.46481481481481485 0.008333333333333333 0.014814814814814815
1 0.14296875 0.4305555555555556 0.005729166666666666 0.011111111111111112
1 0.203125 0.47824074074074074 0.007291666666666667 0.012037037037037037
1 0.20911458333333333 0.5328703703703704 0.0067708333333333336 0.015740740740740743
1 0.140625 0.5583333333333333 0.00625 0.012962962962962964
1 0.16588541666666667 0.6421296296296296 0.005729166666666666 0.012037037037037037
1 0.221875 0.2490740740740741 0.008333333333333333 0.012962962962962964
1 0.6671875 0.5606481481481481 0.008333333333333333 0.015740740740740743
1 0.3216145833333333 0.7759259259259259 0.009895833333333333 0.012962962962962964
0 0.39791666666666664 0.3907407407407408 0.58125 0.7759259259259259
2 0.38255208333333335 0.3768518518518519 0.0026041666666666665 0.001851851851851852
3 0.38046875 0.3805555555555556 0.1109375 0.1685185185185185
