1 0.42291666666666666 0.026851851851851852 0.007291666666666667 0.012962962962962964
1 0.4479166666666667 0.33194444444444443 0.008333333333333333 0.010185185185185186
1 0.45729166666666665 0.42638888888888893 0.007291666666666667 0.015740740740740743
1 0.4432291666666667 0.44537037037037036 0.007291666666666667 0.012962962962962964
1 0.41770833333333335 0.3819444444444445 0.008333333333333333 0.01388888888888889
1 0.3734375 0.600925925925926 0.007291666666666667 0.011111111111111112
1 0.6653645833333334 0.5712962962962963 0.0078125 0.016666666666666666
1 0.328125 0.5773148148148148 0.007291666666666667 0.010185185185185186
1 0.3234375 0.3087962962962963 0.008333333333333333 0.01388888888888889
1 0.31197916666666664 0.3680555555555556 0.00625 0.01388888888888889
1 0.29192708333333334 0.3648148148148148 0.0078125 0.011111111111111112
1 0.29322916666666665 0.4189814814814815 0.007291666666666667 0.01388888888888889
1 0.29713541666666665 0.44537037037037036 0.0067708333333333336 0.012962962962962964
1 0.26536458333333335 0.32175925925925924 0.008854166666666666 0.012037037037037037
1 0.24140625 0.33333333333333337 0.009895833333333333 0.011111111111111112
1 0.22552083333333334 0.36342592592592593 0.008333333333333333 0.01388888888888889
1 0.2864583333333333 0.5458333333333334 0.00625 0.012037037037037037
1 0.27265625 0.55 0.0067708333333333336 0.011111111111111112
1 0.20885416666666667 0.5425925925925926 0.007291666666666667 0.012962962962962964
0 0.39557291666666666 0.39583333333333337 0.5765625 0.7861111111111111
2 0.3815104166666667 0.3888888888888889 0.0005208333333333333 0.005555555555555556
3 0.38515625 0.39305555555555555 0.1109375 0.17314814814814816
