1 0.5794270833333334 0.5347222222222222 0.0046875 0.008333333333333333
1 0.46848958333333335 0.5356481481481482 0.005729166666666666 0.008333333333333333
1 0.45468749999999997 0.5962962962962963 0.007291666666666667 0.007407407407407408
1 0.4510416666666667 0.6046296296296296 0.00625 0.009259259259259259
1 0.32369791666666664 0.6365740740740741 0.0046875 0.008333333333333333
1 0.37994791666666666 0.6990740740740741 0.005729166666666666 0.009259259259259259
1 0.3854166666666667 0.7398148148148148 0.004166666666666667 0.011111111111111112
1 0.4513020833333333 0.6592592592592593 0.0046875 0.009259259259259259
1 0.4783854166666667 0.6458333333333334 0.0046875 0.008333333333333333
1 0.4791666666666667 0.6643518518518519 0.005208333333333333 0.006481481481481482
1 0.5130208333333334 0.687962962962963 0.005208333333333333 0.007407407407407408
0 0.43359375 0.5708333333333333 0.35052083333333334 0.587962962962963
2 0.4265625 0.5768518518518518 0.0 0.001851851851851852
3 0.4265625 0.576388888888889 0.06979166666666667 0.11944444444444445
