1 0.31276041666666665 0.6231481481481481 0.0078125 0.012962962962962964
1 0.465625 0.6287037037037038 0.007291666666666667 0.011111111111111112
1 0.49114583333333334 0.6537037037037037 0.00625 0.014814814814814815
1 0.75078125 0.774537037037037 0.0067708333333333336 0.015740740740740743
1 0.5315104166666667 0.8074074074074075 0.009895833333333333 0.014814814814814815
1 0.53515625 0.8666666666666667 0.008854166666666666 0.014814814814814815
1 0.48020833333333335 0.8796296296296297 0.008333333333333333 0.014814814814814815
1 0.59765625 0.9106481481481482 0.008854166666666666 0.017592592592592594
2 0.53046875 0.5296296296296297 0.0036458333333333334 0.007407407407407408
1 0.53671875 0.5481481481481482 0.011979166666666666 0.020370370370370372
0 0.5177083333333333 0.47962962962962963 0.6333333333333333 0.9074074074074074
3 0.5309895833333333 0.5319444444444444 0.1203125 0.17500000000000002
