1 0.6067708333333334 0.5828703703703704 0.010416666666666666 0.01388888888888889
1 0.4239583333333333 0.5814814814814815 0.010416666666666666 0.012962962962962964
1 0.40208333333333335 0.6828703703703703 0.008333333333333333 0.01388888888888889
1 0.39375 0.6949074074074074 0.005208333333333333 0.015740740740740743
1 0.440625 0.7643518518518518 0.009375 0.012037037037037037
1 0.44244791666666666 0.7958333333333334 0.008854166666666666 0.010185185185185186
1 0.49765624999999997 0.8328703703703704 0.008854166666666666 0.015740740740740743
1 0.3958333333333333 0.7856481481481482 0.008333333333333333 0.01388888888888889
1 0.2794270833333333 0.8541666666666667 0.008854166666666666 0.012037037037037037
1 0.2875 0.9194444444444445 0.007291666666666667 0.014814814814814815
1 0.18489583333333334 0.7495370370370371 0.011458333333333333 0.012037037037037037
0 0.3651041666666667 0.5768518518518518 0.571875 0.8462962962962963
2 0.3528645833333333 0.6467592592592593 0.0046875 0.004629629629629629
3 0.35546875 0.650462962962963 0.10989583333333333 0.19351851851851853
