1 0.3138020833333333 0.6231481481481481 0.0078125 0.012962962962962964
1 0.46770833333333334 0.6305555555555555 0.009375 0.014814814814814815
1 0.49244791666666665 0.6574074074074074 0.0067708333333333336 0.012962962962962964
1 0.53203125 0.8120370370370371 0.008854166666666666 0.014814814814814815
1 0.5359375 0.8731481481481482 0.007291666666666667 0.014814814814814815
1 0.48151041666666666 0.8842592592592593 0.0078125 0.014814814814814815
1 0.4973958333333333 0.913425925925926 0.007291666666666667 0.01388888888888889
1 0.5981770833333333 0.9166666666666667 0.009895833333333333 0.014814814814814815
1 0.7502604166666667 0.7814814814814816 0.0067708333333333336 0.016666666666666666
1 0.53828125 0.5537037037037037 0.011979166666666666 0.011111111111111112
0 0.51875 0.4865740740740741 0.6354166666666666 0.9101851851851852
2 0.5309895833333333 0.5319444444444444 0.0026041666666666665 0.004629629629629629
3 0.5338541666666666 0.5319444444444444 0.12395833333333334 0.1787037037037037
