1 0.32265625 0.6333333333333333 0.0046875 0.007407407407407408
1 0.4666666666666667 0.5300925925925926 0.005208333333333333 0.006481481481481482
1 0.5791666666666666 0.5314814814814816 0.005208333333333333 0.009259259259259259
1 0.45416666666666666 0.5898148148148148 0.005208333333333333 0.005555555555555556
1 0.44947916666666665 0.5986111111111111 0.004166666666666667 0.008333333333333333
1 0.37890625 0.6949074074074074 0.005729166666666666 0.010185185185185186
1 0.384375 0.7333333333333334 0.004166666666666667 0.007407407407407408
1 0.4497395833333333 0.6527777777777778 0.005729166666666666 0.007407407407407408
1 0.4765625 0.6393518518518518 0.005208333333333333 0.010185185185185186
1 0.47734375 0.6578703703703704 0.0046875 0.008333333333333333
1 0.5119791666666667 0.6833333333333333 0.00625 0.007407407407407408
0 0.4315104166666667 0.5652777777777778 0.35260416666666666 0.5842592592592593
2 0.42343749999999997 0.5722222222222223 0.0020833333333333333 0.001851851851851852
3 0.4236979166666667 0.5689814814814815 0.0703125 0.1175925925925926
