1 0.4231770833333333 0.02638888888888889 0.0078125 0.012037037037037037
1 0.44947916666666665 0.33055555555555555 0.007291666666666667 0.012962962962962964
1 0.4575520833333333 0.4240740740740741 0.0067708333333333336 0.009259259259259259
1 0.44296874999999997 0.44537037037037036 0.0078125 0.012962962962962964
1 0.6658854166666667 0.5699074074074074 0.0067708333333333336 0.012037037037037037
1 0.41744791666666664 0.38101851851851853 0.0067708333333333336 0.010185185185185186
1 0.3223958333333333 0.3101851851851852 0.009375 0.009259259259259259
1 0.26640625 0.31851851851851853 0.005729166666666666 0.009259259259259259
1 0.240625 0.33240740740740743 0.007291666666666667 0.009259259259259259
1 0.22604166666666667 0.36342592592592593 0.00625 0.010185185185185186
1 0.209375 0.5388888888888889 0.007291666666666667 0.012962962962962964
1 0.27239583333333334 0.5486111111111112 0.005208333333333333 0.010185185185185186
1 0.2859375 0.5467592592592593 0.007291666666666667 0.012037037037037037
1 0.3286458333333333 0.576388888888889 0.005208333333333333 0.010185185185185186
1 0.37447916666666664 0.5990740740740741 0.007291666666666667 0.011111111111111112
1 0.29791666666666666 0.4449074074074074 0.007291666666666667 0.012037037037037037
1 0.29375 0.4189814814814815 0.00625 0.012037037037037037
1 0.29244791666666664 0.36342592592592593 0.005729166666666666 0.010185185185185186
1 0.31223958333333335 0.3680555555555556 0.0067708333333333336 0.01388888888888889
0 0.39791666666666664 0.39675925925925926 0.58125 0.787962962962963
2 0.384375 0.38981481481481484 0.0010416666666666667 0.003703703703703704
3 0.384375 0.39305555555555555 0.1125 0.16944444444444445
