1 0.43671875 0.2884259259259259 0.008854166666666666 0.012037037037037037
1 0.45546875 0.35370370370370374 0.0067708333333333336 0.009259259259259259
1 0.28515625 0.3939814814814815 0.005729166666666666 0.012037037037037037
1 0.2817708333333333 0.42962962962962964 0.007291666666666667 0.012962962962962964
1 0.23463541666666665 0.5787037037037037 0.0067708333333333336 0.011111111111111112
1 0.19713541666666667 0.7865740740740741 0.008854166666666666 0.012037037037037037
1 0.18984375 0.9791666666666667 0.005729166666666666 0.012037037037037037
1 0.28880208333333335 0.8847222222222223 0.005729166666666666 0.01388888888888889
1 0.296875 0.951388888888889 0.007291666666666667 0.012037037037037037
1 0.4322916666666667 0.6129629629629629 0.007291666666666667 0.012962962962962964
1 0.41015625 0.712962962962963 0.0078125 0.011111111111111112
1 0.40338541666666666 0.7245370370370371 0.0078125 0.010185185185185186
1 0.4044270833333333 0.8138888888888889 0.0067708333333333336 0.012962962962962964
1 0.4479166666666667 0.788888888888889 0.007291666666666667 0.012962962962962964
1 0.44921875 0.8189814814814815 0.005729166666666666 0.012037037037037037
1 0.5013020833333334 0.8546296296296296 0.0078125 0.012962962962962964
1 0.6109375 0.6037037037037037 0.007291666666666667 0.014814814814814815
0 0.37135416666666665 0.5976851851851852 0.5625 0.8046296296296297
2 0.3651041666666667 0.6842592592592592 0.0010416666666666667 0.005555555555555556
3 0.3653645833333333 0.6824074074074075 0.10677083333333333 0.18703703703703706
