1 0.42734374999999997 0.020833333333333336 0.009895833333333333 0.01388888888888889
1 0.34869791666666666 0.10648148148148148 0.0067708333333333336 0.011111111111111112
1 0.3890625 0.22870370370370371 0.00625 0.009259259259259259
1 0.5520833333333334 0.2569444444444445 0.00625 0.01388888888888889
1 0.59609375 0.4314814814814815 0.0067708333333333336 0.011111111111111112
1 0.6703125 0.5648148148148149 0.007291666666666667 0.018518518518518517
1 0.534375 0.42685185185185187 0.008333333333333333 0.012962962962962964
1 0.50859375 0.41111111111111115 0.008854166666666666 0.012962962962962964
1 0.49713541666666666 0.4810185185185185 0.005729166666666666 0.01388888888888889
1 0.50625 0.5023148148148149 0.008333333333333333 0.012037037037037037
1 0.4515625 0.3236111111111111 0.008333333333333333 0.010185185185185186
1 0.4661458333333333 0.3699074074074074 0.00625 0.010185185185185186
1 0.45989583333333334 0.4166666666666667 0.00625 0.014814814814814815
1 0.44609375 0.43472222222222223 0.0078125 0.01388888888888889
1 0.4401041666666667 0.47175925925925927 0.00625 0.01388888888888889
1 0.43124999999999997 0.525462962962963 0.00625 0.01388888888888889
1 0.4708333333333333 0.5828703703703704 0.007291666666666667 0.01388888888888889
1 0.465625 0.6138888888888889 0.007291666666666667 0.016666666666666666
1 0.43333333333333335 0.7134259259259259 0.007291666666666667 0.012037037037037037
1 0.4328125 0.7421296296296297 0.008333333333333333 0.01388888888888889
1 0.38645833333333335 0.7106481481481481 0.00625 0.010185185185185186
1 0.33489583333333334 0.7523148148148149 0.010416666666666666 0.019444444444444445
1 0.30885416666666665 0.725 0.009375 0.011111111111111112
1 0.42213541666666665 0.3541666666666667 0.005729166666666666 0.010185185185185186
1 0.4200520833333333 0.3731481481481482 0.0078125 0.012962962962962964
1 0.41692708333333334 0.5032407407407408 0.0078125 0.012037037037037037
1 0.37994791666666666 0.35555555555555557 0.008854166666666666 0.012962962962962964
1 0.375 0.37453703703703706 0.008333333333333333 0.01388888888888889
1 0.3716145833333333 0.4444444444444445 0.008854166666666666 0.012962962962962964
1 0.37265625 0.46435185185185185 0.0067708333333333336 0.010185185185185186
1 0.3794270833333333 0.5092592592592593 0.0067708333333333336 0.014814814814814815
1 0.378125 0.5949074074074074 0.00625 0.010185185185185186
1 0.3729166666666667 0.6125 0.00625 0.012037037037037037
1 0.359375 0.5268518518518519 0.00625 0.011111111111111112
1 0.3484375 0.6361111111111112 0.008333333333333333 0.012962962962962964
1 0.32734375 0.3050925925925926 0.0067708333333333336 0.010185185185185186
1 0.3234375 0.3106481481481482 0.007291666666666667 0.012037037037037037
1 0.3268229166666667 0.33472222222222225 0.0078125 0.01388888888888889
1 0.315625 0.36574074074074076 0.00625 0.012962962962962964
1 0.29609375 0.3611111111111111 0.0078125 0.012962962962962964
1 0.30807291666666664 0.3842592592592593 0.0078125 0.011111111111111112
1 0.2984375 0.4152777777777778 0.007291666666666667 0.010185185185185186
1 0.3028645833333333 0.44074074074074077 0.005729166666666666 0.012962962962962964
1 0.3341145833333333 0.46944444444444444 0.0067708333333333336 0.011111111111111112
1 0.30963541666666666 0.5018518518518519 0.005729166666666666 0.011111111111111112
1 0.3338541666666667 0.5731481481481482 0.007291666666666667 0.011111111111111112
1 0.30234375 0.5152777777777778 0.0078125 0.012037037037037037
1 0.2911458333333333 0.5421296296296296 0.008333333333333333 0.01388888888888889
1 0.27109375 0.4324074074074074 0.0067708333333333336 0.012962962962962964
1 0.27057291666666666 0.3175925925925926 0.005729166666666666 0.011111111111111112
1 0.24479166666666666 0.33101851851851855 0.008333333333333333 0.008333333333333333
1 0.22942708333333334 0.3601851851851852 0.0067708333333333336 0.012962962962962964
1 0.2565104166666667 0.4712962962962963 0.008854166666666666 0.012962962962962964
1 0.2375 0.45740740740740743 0.007291666666666667 0.011111111111111112
1 0.2765625 0.5449074074074074 0.00625 0.010185185185185186
1 0.20781249999999998 0.48564814814814816 0.010416666666666666 0.012037037037037037
1 0.21276041666666667 0.5351851851851852 0.0078125 0.012962962962962964
1 0.2838541666666667 0.6018518518518519 0.007291666666666667 0.011111111111111112
1 0.27239583333333334 0.6462962962962964 0.007291666666666667 0.012962962962962964
1 0.25286458333333334 0.662962962962963 0.0078125 0.009259259259259259
1 0.24895833333333334 0.688425925925926 0.00625 0.012037037037037037
1 0.25546875 0.7138888888888889 0.0067708333333333336 0.011111111111111112
1 0.25677083333333334 0.7300925925925926 0.007291666666666667 0.010185185185185186
1 0.25104166666666666 0.7657407407407407 0.005208333333333333 0.011111111111111112
1 0.25807291666666665 0.763888888888889 0.0046875 0.011111111111111112
1 0.23046875 0.7027777777777778 0.008854166666666666 0.014814814814814815
1 0.16796875 0.7439814814814815 0.009895833333333333 0.01388888888888889
1 0.16588541666666667 0.6180555555555556 0.0078125 0.01388888888888889
1 0.16901041666666666 0.6462962962962964 0.0078125 0.012962962962962964
1 0.14739583333333334 0.43472222222222223 0.00625 0.012037037037037037
1 0.14401041666666667 0.5611111111111111 0.0067708333333333336 0.011111111111111112
0 0.4005208333333333 0.3939814814814815 0.5802083333333333 0.7824074074074074
2 0.38567708333333334 0.3856481481481482 0.0036458333333333334 0.000925925925925926
3 0.3880208333333333 0.38796296296296295 0.1125 0.17407407407407408
