1 0.60859375 0.5796296296296296 0.008854166666666666 0.016666666666666666
1 0.4244791666666667 0.5782407407407407 0.008333333333333333 0.012037037037037037
1 0.40208333333333335 0.6824074074074075 0.009375 0.011111111111111112
1 0.3950520833333333 0.6953703703703704 0.0067708333333333336 0.011111111111111112
1 0.44088541666666664 0.7620370370370371 0.0078125 0.011111111111111112
1 0.4432291666666667 0.7921296296296296 0.007291666666666667 0.015740740740740743
1 0.4979166666666667 0.8314814814814815 0.007291666666666667 0.012962962962962964
1 0.3966145833333333 0.7847222222222222 0.0078125 0.01388888888888889
1 0.27890625 0.8527777777777779 0.0067708333333333336 0.012962962962962964
1 0.28828125 0.9171296296296296 0.005729166666666666 0.01388888888888889
1 0.1859375 0.75 0.008333333333333333 0.012962962962962964
0 0.3640625 0.5768518518518518 0.571875 0.8462962962962963
2 0.35442708333333334 0.6481481481481481 0.0015625 0.001851851851851852
3 0.35494791666666664 0.6449074074074075 0.11302083333333333 0.18796296296296297
