1 0.49635416666666665 0.3476851851851852 0.004166666666666667 0.008333333333333333
1 0.47291666666666665 0.37453703703703706 0.00625 0.008333333333333333
1 0.5216145833333333 0.37824074074074077 0.0078125 0.012037037037037037
1 0.5109375 0.4175925925925926 0.004166666666666667 0.007407407407407408
1 0.5158854166666667 0.42083333333333334 0.0046875 0.008333333333333333
1 0.5447916666666667 0.42638888888888893 0.005208333333333333 0.008333333333333333
1 0.5393229166666667 0.46342592592592596 0.0046875 0.010185185185185186
1 0.565625 0.48194444444444445 0.005208333333333333 0.010185185185185186
1 0.6059895833333333 0.5578703703703703 0.0046875 0.010185185185185186
1 0.69296875 0.6157407407407408 0.005729166666666666 0.011111111111111112
1 0.6981770833333333 0.6486111111111111 0.005729166666666666 0.010185185185185186
1 0.6520833333333333 0.7476851851851852 0.00625 0.010185185185185186
1 0.6575520833333334 0.8240740740740741 0.005729166666666666 0.011111111111111112
1 0.553125 0.7078703703703704 0.005208333333333333 0.012037037037037037
1 0.553125 0.7981481481481482 0.007291666666666667 0.007407407407407408
1 0.55703125 0.813425925925926 0.005729166666666666 0.012037037037037037
1 0.5942708333333333 0.937962962962963 0.00625 0.012962962962962964
1 0.40234375 0.7203703703703704 0.005729166666666666 0.009259259259259259
1 0.5994791666666667 0.4351851851851852 0.007291666666666667 0.011111111111111112
1 0.5927083333333333 0.47824074074074074 0.007291666666666667 0.010185185185185186
1 0.6276041666666666 0.47314814814814815 0.00625 0.009259259259259259
1 0.6265625 0.49722222222222223 0.005208333333333333 0.009259259259259259
1 0.6619791666666667 0.5277777777777778 0.008333333333333333 0.009259259259259259
0 0.48802083333333335 0.6444444444444445 0.44895833333333335 0.7111111111111111
2 0.48203124999999997 0.6893518518518519 0.0046875 0.002777777777777778
3 0.48203124999999997 0.6893518518518519 0.09010416666666667 0.1398148148148148
