1 0.5596354166666666 0.4865740740740741 0.005729166666666666 0.006481481481481482
1 0.5044270833333333 0.47175925925925927 0.0067708333333333336 0.010185185185185186
1 0.47942708333333334 0.4990740740740741 0.0067708333333333336 0.009259259259259259
1 0.4640625 0.46296296296296297 0.005208333333333333 0.009259259259259259
1 0.45729166666666665 0.46342592592592596 0.00625 0.010185185185185186
1 0.48411458333333335 0.5291666666666667 0.0046875 0.008333333333333333
1 0.5234375 0.5087962962962963 0.005208333333333333 0.008333333333333333
1 0.5299479166666666 0.49768518518518523 0.005729166666666666 0.008333333333333333
1 0.5372395833333333 0.5115740740740741 0.0036458333333333334 0.008333333333333333
1 0.5549479166666667 0.5407407407407407 0.0067708333333333336 0.011111111111111112
1 0.45807291666666666 0.5476851851851852 0.0067708333333333336 0.010185185185185186
1 0.44375 0.5546296296296297 0.007291666666666667 0.009259259259259259
1 0.5184895833333333 0.5319444444444444 0.005729166666666666 0.010185185185185186
1 0.5231770833333333 0.5337962962962963 0.0046875 0.008333333333333333
1 0.5466145833333333 0.5699074074074074 0.0046875 0.010185185185185186
1 0.5536458333333333 0.5708333333333333 0.005208333333333333 0.01388888888888889
1 0.57578125 0.5884259259259259 0.005729166666666666 0.008333333333333333
1 0.5088541666666666 0.5689814814814815 0.00625 0.008333333333333333
1 0.44375 0.6078703703703704 0.005208333333333333 0.008333333333333333
1 0.5106770833333333 0.6046296296296296 0.005729166666666666 0.011111111111111112
1 0.5231770833333333 0.6412037037037037 0.005729166666666666 0.010185185185185186
1 0.42942708333333335 0.6523148148148148 0.005729166666666666 0.008333333333333333
1 0.4635416666666667 0.6810185185185186 0.004166666666666667 0.008333333333333333
1 0.48125 0.6962962962962963 0.005208333333333333 0.009259259259259259
1 0.5643229166666667 0.6837962962962963 0.0067708333333333336 0.010185185185185186
1 0.6166666666666667 0.6583333333333333 0.00625 0.009259259259259259
1 0.6346354166666667 0.6601851851851852 0.0046875 0.009259259259259259
1 0.64296875 0.7300925925925926 0.005729166666666666 0.010185185185185186
1 0.6075520833333333 0.7064814814814815 0.0046875 0.009259259259259259
1 0.5979166666666667 0.712037037037037 0.005208333333333333 0.011111111111111112
1 0.5778645833333333 0.7361111111111112 0.0046875 0.009259259259259259
1 0.5755208333333334 0.7657407407407407 0.005208333333333333 0.007407407407407408
1 0.5520833333333334 0.7490740740740741 0.004166666666666667 0.009259259259259259
1 0.5614583333333333 0.7578703703703704 0.00625 0.010185185185185186
1 0.56015625 0.7902777777777779 0.0067708333333333336 0.008333333333333333
1 0.6145833333333334 0.7976851851851852 0.005208333333333333 0.010185185185185186
1 0.7106770833333333 0.7212962962962963 0.0067708333333333336 0.011111111111111112
1 0.715625 0.750925925925926 0.005208333333333333 0.011111111111111112
1 0.6950520833333333 0.8305555555555556 0.0067708333333333336 0.009259259259259259
1 0.6666666666666666 0.837037037037037 0.00625 0.009259259259259259
1 0.6854166666666667 0.8930555555555556 0.005208333333333333 0.010185185185185186
1 0.6729166666666666 0.9087962962962963 0.008333333333333333 0.010185185185185186
1 0.6419270833333334 0.887962962962963 0.0046875 0.011111111111111112
1 0.62109375 0.8912037037037037 0.0046875 0.010185185185185186
1 0.6013020833333333 0.8902777777777778 0.0067708333333333336 0.008333333333333333
1 0.5609375 0.8763888888888889 0.00625 0.010185185185185186
1 0.565625 0.8898148148148148 0.005208333333333333 0.011111111111111112
1 0.5356770833333333 0.9856481481481482 0.005729166666666666 0.008333333333333333
1 0.5213541666666667 0.9055555555555556 0.005208333333333333 0.009259259259259259
1 0.47031249999999997 0.9388888888888889 0.00625 0.011111111111111112
1 0.48854166666666665 0.8324074074074075 0.005208333333333333 0.009259259259259259
1 0.4661458333333333 0.8203703703703704 0.00625 0.011111111111111112
1 0.4380208333333333 0.700925925925926 0.005208333333333333 0.009259259259259259
1 0.4588541666666667 0.7407407407407408 0.005208333333333333 0.007407407407407408
1 0.4575520833333333 0.7495370370370371 0.005729166666666666 0.006481481481481482
1 0.44687499999999997 0.7699074074074075 0.00625 0.008333333333333333
1 0.4028645833333333 0.7550925925925926 0.005729166666666666 0.010185185185185186
1 0.39921875 0.8138888888888889 0.0067708333333333336 0.007407407407407408
1 0.36822916666666666 0.7791666666666667 0.004166666666666667 0.010185185185185186
1 0.3484375 0.9120370370370371 0.005208333333333333 0.007407407407407408
1 0.30572916666666666 0.7092592592592593 0.008333333333333333 0.011111111111111112
1 0.6125 0.5504629629629629 0.00625 0.010185185185185186
1 0.6057291666666667 0.587037037037037 0.007291666666666667 0.009259259259259259
1 0.6416666666666666 0.5819444444444445 0.007291666666666667 0.008333333333333333
1 0.6403645833333333 0.6055555555555556 0.0078125 0.009259259259259259
1 0.6791666666666667 0.6305555555555555 0.010416666666666666 0.011111111111111112
0 0.48854166666666665 0.7125 0.4822916666666667 0.5750000000000001
2 0.48463541666666665 0.7787037037037038 0.0026041666666666665 0.007407407407407408
3 0.48515625 0.7796296296296297 0.09322916666666667 0.13148148148148148
