1 0.55234375 0.3550925925925926 0.005729166666666666 0.010185185185185186
1 0.49609375 0.3416666666666667 0.005729166666666666 0.012962962962962964
1 0.45598958333333334 0.325 0.005729166666666666 0.009259259259259259
1 0.4479166666666667 0.3212962962962963 0.007291666666666667 0.007407407407407408
1 0.47161458333333334 0.3717592592592593 0.0067708333333333336 0.010185185185185186
1 0.5239583333333333 0.37222222222222223 0.004166666666666667 0.011111111111111112
1 0.5317708333333333 0.3893518518518519 0.00625 0.008333333333333333
1 0.5166666666666666 0.3875 0.005208333333333333 0.010185185185185186
1 0.5486979166666667 0.42314814814814816 0.005729166666666666 0.009259259259259259
1 0.51171875 0.41574074074074074 0.005729166666666666 0.011111111111111112
1 0.51875 0.4175925925925926 0.00625 0.007407407407407408
1 0.47734375 0.40601851851851856 0.0067708333333333336 0.008333333333333333
1 0.4510416666666667 0.42638888888888893 0.004166666666666667 0.010185185185185186
1 0.43697916666666664 0.4324074074074074 0.00625 0.011111111111111112
1 0.5026041666666666 0.4587962962962963 0.00625 0.010185185185185186
1 0.5419270833333333 0.46435185185185185 0.0046875 0.010185185185185186
1 0.55 0.46296296296296297 0.004166666666666667 0.012962962962962964
1 0.5734375 0.45092592592592595 0.00625 0.014814814814814815
1 0.57109375 0.4828703703703704 0.0067708333333333336 0.012037037037037037
1 0.50546875 0.5013888888888889 0.0078125 0.01388888888888889
1 0.5200520833333333 0.5472222222222223 0.0067708333333333336 0.012962962962962964
1 0.4380208333333333 0.49444444444444446 0.008333333333333333 0.011111111111111112
1 0.4223958333333333 0.5462962962962963 0.00625 0.012962962962962964
1 0.45729166666666665 0.5824074074074075 0.004166666666666667 0.011111111111111112
1 0.47604166666666664 0.600925925925926 0.00625 0.011111111111111112
1 0.6135416666666667 0.5638888888888889 0.005208333333333333 0.014814814814814815
1 0.6317708333333333 0.5578703703703703 0.005208333333333333 0.010185185185185186
1 0.56171875 0.6050925925925926 0.0046875 0.010185185185185186
1 0.6046875 0.6231481481481481 0.00625 0.012962962962962964
1 0.5950520833333334 0.6324074074074074 0.005729166666666666 0.009259259259259259
1 0.6385416666666667 0.6375000000000001 0.007291666666666667 0.012037037037037037
1 0.70859375 0.625 0.0046875 0.012962962962962964
1 0.7140625 0.6615740740740741 0.00625 0.010185185185185186
1 0.6921875 0.7569444444444444 0.005208333333333333 0.012037037037037037
1 0.6635416666666667 0.7666666666666667 0.00625 0.012962962962962964
1 0.6830729166666667 0.8300925925925926 0.005729166666666666 0.01388888888888889
1 0.6700520833333333 0.851388888888889 0.0067708333333333336 0.010185185185185186
1 0.6395833333333333 0.8273148148148148 0.00625 0.017592592592592594
1 0.6184895833333334 0.8342592592592593 0.0078125 0.011111111111111112
1 0.6106770833333334 0.7226851851851852 0.0067708333333333336 0.01388888888888889
1 0.5971354166666667 0.8347222222222223 0.0078125 0.01388888888888889
1 0.6015625 0.9726851851851852 0.008333333333333333 0.012037037037037037
1 0.5296875 0.9439814814814815 0.007291666666666667 0.012037037037037037
1 0.5611979166666666 0.8375 0.0078125 0.012037037037037037
1 0.5572916666666666 0.8222222222222223 0.008333333333333333 0.011111111111111112
1 0.5565104166666667 0.725462962962963 0.0067708333333333336 0.012037037037037037
1 0.5755208333333334 0.662962962962963 0.007291666666666667 0.012962962962962964
1 0.5721354166666667 0.6949074074074074 0.0067708333333333336 0.008333333333333333
1 0.5580729166666667 0.6875 0.0067708333333333336 0.010185185185185186
1 0.5484375 0.674537037037037 0.005208333333333333 0.010185185185185186
1 0.5174479166666667 0.8518518518518519 0.005729166666666666 0.011111111111111112
1 0.46510416666666665 0.8837962962962963 0.005208333333333333 0.012037037037037037
1 0.48515625 0.7685185185185186 0.005729166666666666 0.011111111111111112
1 0.46249999999999997 0.7578703703703704 0.00625 0.012037037037037037
1 0.453125 0.6560185185185186 0.008333333333333333 0.012037037037037037
1 0.45338541666666665 0.6671296296296296 0.005729166666666666 0.010185185185185186
1 0.4317708333333333 0.6074074074074074 0.00625 0.011111111111111112
1 0.440625 0.6893518518518519 0.005208333333333333 0.008333333333333333
1 0.39739583333333334 0.6731481481481482 0.004166666666666667 0.011111111111111112
1 0.39557291666666666 0.7412037037037037 0.0067708333333333336 0.010185185185185186
1 0.36302083333333335 0.700925925925926 0.00625 0.014814814814814815
1 0.34348958333333335 0.8560185185185185 0.0067708333333333336 0.010185185185185186
1 0.29713541666666665 0.6226851851851852 0.008854166666666666 0.012037037037037037
1 0.60859375 0.43194444444444446 0.0078125 0.01388888888888889
1 0.6010416666666667 0.47824074074074074 0.008333333333333333 0.012037037037037037
1 0.6393229166666666 0.47175925925925927 0.011979166666666666 0.008333333333333333
1 0.6369791666666667 0.4981481481481482 0.008333333333333333 0.009259259259259259
1 0.67578125 0.5310185185185186 0.011979166666666666 0.01388888888888889
0 0.48515625 0.6393518518518518 0.4848958333333333 0.7212962962962963
2 0.47890625 0.7046296296296296 0.0026041666666666665 0.003703703703703704
3 0.48072916666666665 0.7060185185185186 0.09375 0.14351851851851852
