1 0.5515625 0.3509259259259259 0.005208333333333333 0.009259259259259259
1 0.49583333333333335 0.33796296296296297 0.007291666666666667 0.011111111111111112
1 0.45390625 0.32222222222222224 0.005729166666666666 0.007407407407407408
1 0.44609375 0.3180555555555556 0.005729166666666666 0.012037037037037037
1 0.47031249999999997 0.3699074074074074 0.00625 0.012037037037037037
1 0.5229166666666667 0.36944444444444446 0.00625 0.009259259259259259
1 0.53046875 0.38703703703703707 0.005729166666666666 0.009259259259259259
1 0.5166666666666666 0.3837962962962963 0.00625 0.008333333333333333
1 0.5473958333333333 0.4199074074074074 0.00625 0.010185185185185186
1 0.5171875 0.4152777777777778 0.005208333333333333 0.008333333333333333
1 0.5119791666666667 0.4134259259259259 0.00625 0.012037037037037037
1 0.47630208333333335 0.4027777777777778 0.005729166666666666 0.007407407407407408
1 0.4505208333333333 0.42314814814814816 0.00625 0.009259259259259259
1 0.43645833333333334 0.42824074074074076 0.005208333333333333 0.008333333333333333
1 0.5721354166666667 0.45 0.0067708333333333336 0.011111111111111112
1 0.5703125 0.48055555555555557 0.007291666666666667 0.009259259259259259
1 0.5486979166666667 0.46064814814814814 0.0046875 0.010185185185185186
1 0.5416666666666666 0.45925925925925926 0.00625 0.011111111111111112
1 0.5033854166666667 0.45555555555555555 0.0067708333333333336 0.009259259259259259
1 0.43671875 0.49074074074074076 0.0046875 0.011111111111111112
1 0.5046875 0.49722222222222223 0.004166666666666667 0.011111111111111112
1 0.51875 0.5435185185185185 0.00625 0.012962962962962964
1 0.6307291666666667 0.5578703703703703 0.005208333333333333 0.012037037037037037
1 0.61328125 0.5615740740740741 0.0078125 0.012037037037037037
1 0.5614583333333333 0.6018518518518519 0.007291666666666667 0.011111111111111112
1 0.6046875 0.6199074074074075 0.008333333333333333 0.012037037037037037
1 0.63828125 0.6365740740740741 0.0078125 0.010185185185185186
1 0.70625 0.6236111111111111 0.008333333333333333 0.010185185185185186
1 0.7130208333333333 0.6606481481481482 0.00625 0.012037037037037037
1 0.5947916666666666 0.6291666666666667 0.005208333333333333 0.008333333333333333
1 0.6098958333333333 0.7203703703703704 0.00625 0.011111111111111112
1 0.6916666666666667 0.7578703703703704 0.008333333333333333 0.012037037037037037
1 0.6627604166666666 0.7648148148148148 0.0078125 0.012962962962962964
1 0.6822916666666666 0.8291666666666667 0.00625 0.010185185185185186
1 0.6703125 0.8495370370370371 0.00625 0.01388888888888889
1 0.63828125 0.8250000000000001 0.0046875 0.011111111111111112
1 0.6174479166666667 0.8314814814814815 0.005729166666666666 0.009259259259259259
1 0.5966145833333333 0.8351851851851853 0.005729166666666666 0.011111111111111112
1 0.6010416666666667 0.9726851851851852 0.007291666666666667 0.01388888888888889
1 0.5299479166666666 0.9430555555555556 0.0078125 0.010185185185185186
1 0.5604166666666667 0.8356481481481481 0.00625 0.010185185185185186
1 0.5559895833333334 0.8194444444444445 0.008854166666666666 0.011111111111111112
1 0.5567708333333333 0.7217592592592593 0.00625 0.012037037037037037
1 0.5716145833333334 0.6930555555555555 0.005729166666666666 0.008333333333333333
1 0.5744791666666667 0.6601851851851852 0.00625 0.009259259259259259
1 0.5484375 0.6731481481481482 0.005208333333333333 0.007407407407407408
1 0.5575520833333333 0.6847222222222222 0.0046875 0.008333333333333333
1 0.4747395833333333 0.5990740740740741 0.0067708333333333336 0.009259259259259259
1 0.45651041666666664 0.5791666666666667 0.0067708333333333336 0.006481481481481482
1 0.42083333333333334 0.5439814814814815 0.00625 0.010185185185185186
1 0.4317708333333333 0.6041666666666667 0.00625 0.010185185185185186
1 0.45286458333333335 0.6532407407407408 0.0078125 0.010185185185185186
1 0.45208333333333334 0.6643518518518519 0.00625 0.008333333333333333
1 0.44036458333333334 0.688425925925926 0.005729166666666666 0.010185185185185186
1 0.46171875 0.7541666666666667 0.005729166666666666 0.010185185185185186
1 0.4830729166666667 0.7666666666666667 0.0046875 0.011111111111111112
1 0.515625 0.850925925925926 0.00625 0.011111111111111112
1 0.46432291666666664 0.8824074074074074 0.005729166666666666 0.011111111111111112
1 0.39375 0.7384259259259259 0.00625 0.010185185185185186
1 0.39739583333333334 0.6712962962962963 0.00625 0.009259259259259259
1 0.3611979166666667 0.6995370370370371 0.0067708333333333336 0.010185185185185186
1 0.2955729166666667 0.6208333333333333 0.0078125 0.012037037037037037
1 0.60703125 0.4300925925925926 0.009895833333333333 0.01388888888888889
1 0.60078125 0.4763888888888889 0.008854166666666666 0.010185185185185186
1 0.6380208333333334 0.4703703703703704 0.009375 0.011111111111111112
1 0.6361979166666667 0.4962962962962963 0.0078125 0.009259259259259259
1 0.675 0.5287037037037037 0.010416666666666666 0.012962962962962964
0 0.48515625 0.6361111111111112 0.4869791666666667 0.7222222222222222
2 0.47890625 0.7018518518518518 0.0026041666666666665 0.001851851851851852
3 0.48046875 0.7027777777777778 0.09427083333333333 0.1462962962962963
