1 0.5518229166666666 0.34814814814814815 0.0067708333333333336 0.011111111111111112
1 0.4942708333333333 0.33240740740740743 0.007291666666666667 0.009259259259259259
1 0.4466145833333333 0.31342592592592594 0.008854166666666666 0.010185185185185186
1 0.4700520833333333 0.36342592592592593 0.005729166666666666 0.010185185185185186
1 0.4484375 0.41805555555555557 0.00625 0.012037037037037037
1 0.47604166666666664 0.39861111111111114 0.007291666666666667 0.010185185185185186
1 0.5231770833333333 0.36574074074074076 0.0078125 0.011111111111111112
1 0.5151041666666667 0.3791666666666667 0.00625 0.010185185185185186
1 0.53046875 0.3842592592592593 0.0067708333333333336 0.012962962962962964
1 0.5098958333333333 0.40740740740740744 0.00625 0.011111111111111112
1 0.5158854166666667 0.40972222222222227 0.0046875 0.008333333333333333
1 0.5463541666666667 0.4175925925925926 0.004166666666666667 0.009259259259259259
1 0.5716145833333334 0.4449074074074074 0.005729166666666666 0.010185185185185186
1 0.5684895833333333 0.475462962962963 0.0067708333333333336 0.012037037037037037
1 0.5479166666666666 0.45787037037037037 0.00625 0.010185185185185186
1 0.5395833333333333 0.45555555555555555 0.00625 0.011111111111111112
1 0.50234375 0.4513888888888889 0.0078125 0.010185185185185186
1 0.5033854166666667 0.4935185185185185 0.0067708333333333336 0.011111111111111112
1 0.5177083333333333 0.5407407407407407 0.00625 0.012962962962962964
1 0.6302083333333334 0.5532407407407408 0.007291666666666667 0.012037037037037037
1 0.6122395833333333 0.5583333333333333 0.005729166666666666 0.012962962962962964
1 0.5611979166666666 0.5990740740740741 0.0078125 0.012962962962962964
1 0.5942708333333333 0.6273148148148149 0.007291666666666667 0.012037037037037037
1 0.6375 0.6356481481481482 0.005208333333333333 0.012037037037037037
1 0.7072916666666667 0.6208333333333333 0.007291666666666667 0.01388888888888889
1 0.7122395833333334 0.6583333333333333 0.0067708333333333336 0.014814814814814815
1 0.6088541666666667 0.7194444444444444 0.00625 0.011111111111111112
1 0.6627604166666666 0.763425925925926 0.0067708333333333336 0.012037037037037037
1 0.6817708333333333 0.8277777777777778 0.00625 0.009259259259259259
1 0.6692708333333334 0.8472222222222222 0.007291666666666667 0.012962962962962964
1 0.6380208333333334 0.8245370370370371 0.005208333333333333 0.012037037037037037
1 0.6171875 0.8305555555555556 0.007291666666666667 0.009259259259259259
1 0.59609375 0.8333333333333334 0.005729166666666666 0.011111111111111112
1 0.60078125 0.9722222222222222 0.0078125 0.012962962962962964
1 0.5736979166666667 0.6578703703703704 0.005729166666666666 0.010185185185185186
1 0.5705729166666667 0.6907407407407408 0.0046875 0.009259259259259259
1 0.5567708333333333 0.6824074074074075 0.005208333333333333 0.011111111111111112
1 0.5471354166666667 0.6717592592592593 0.005729166666666666 0.010185185185185186
1 0.5559895833333334 0.7208333333333333 0.005729166666666666 0.012037037037037037
1 0.5557291666666666 0.8185185185185185 0.007291666666666667 0.011111111111111112
1 0.56015625 0.8347222222222223 0.0078125 0.010185185185185186
1 0.5158854166666667 0.8495370370370371 0.005729166666666666 0.012037037037037037
1 0.4348958333333333 0.48750000000000004 0.00625 0.010185185185185186
1 0.4203125 0.5393518518518519 0.00625 0.010185185185185186
1 0.4552083333333333 0.575925925925926 0.005208333333333333 0.009259259259259259
1 0.4739583333333333 0.5967592592592593 0.005208333333333333 0.012037037037037037
1 0.43046875 0.6013888888888889 0.0067708333333333336 0.008333333333333333
1 0.4515625 0.649537037037037 0.007291666666666667 0.008333333333333333
1 0.4513020833333333 0.6611111111111111 0.0067708333333333336 0.009259259259259259
1 0.43906249999999997 0.6842592592592592 0.005208333333333333 0.009259259259259259
1 0.48333333333333334 0.763425925925926 0.005208333333333333 0.010185185185185186
1 0.46041666666666664 0.7523148148148149 0.007291666666666667 0.008333333333333333
1 0.3924479166666667 0.7361111111111112 0.005729166666666666 0.009259259259259259
1 0.3950520833333333 0.6675925925925926 0.0067708333333333336 0.012962962962962964
1 0.36041666666666666 0.6967592592592593 0.00625 0.010185185185185186
1 0.46380208333333334 0.8819444444444445 0.0046875 0.008333333333333333
1 0.60625 0.42592592592592593 0.010416666666666666 0.011111111111111112
1 0.5994791666666667 0.4726851851851852 0.007291666666666667 0.012037037037037037
1 0.63671875 0.4666666666666667 0.008854166666666666 0.012962962962962964
1 0.63515625 0.4935185185185185 0.0078125 0.011111111111111112
1 0.67421875 0.5259259259259259 0.0109375 0.009259259259259259
0 0.48515625 0.6351851851851852 0.4848958333333333 0.7296296296296296
2 0.4786458333333333 0.701388888888889 0.0020833333333333333 0.002777777777777778
3 0.48046875 0.6990740740740741 0.09635416666666667 0.14814814814814814
