1 0.5705729166666667 0.5171296296296296 0.0078125 0.010185185185185186
1 0.6588541666666666 0.6166666666666667 0.005208333333333333 0.011111111111111112
1 0.6796875 0.6657407407407407 0.007291666666666667 0.012962962962962964
1 0.56328125 0.6300925925925926 0.0067708333333333336 0.01388888888888889
1 0.4591145833333333 0.6703703703703704 0.005729166666666666 0.009259259259259259
1 0.3736979166666667 0.7416666666666667 0.0046875 0.009259259259259259
1 0.3307291666666667 0.7810185185185186 0.00625 0.012037037037037037
1 0.4158854166666667 0.913425925925926 0.008854166666666666 0.012037037037037037
1 0.7145833333333333 0.9435185185185185 0.005208333333333333 0.011111111111111112
0 0.49505208333333334 0.6546296296296297 0.48385416666666664 0.6907407407407408
2 0.4856770833333333 0.6944444444444444 0.0046875 0.003703703703703704
3 0.48854166666666665 0.6935185185185185 0.09791666666666667 0.14074074074074075
