1 0.4473958333333333 0.3194444444444445 0.004166666666666667 0.007407407407407408
1 0.4552083333333333 0.32175925925925924 0.004166666666666667 0.008333333333333333
1 0.49557291666666664 0.3365740740740741 0.005729166666666666 0.010185185185185186
1 0.553125 0.35370370370370374 0.00625 0.009259259259259259
1 0.47161458333333334 0.3675925925925926 0.005729166666666666 0.007407407407407408
1 0.4770833333333333 0.4041666666666667 0.005208333333333333 0.012037037037037037
1 0.43723958333333335 0.4291666666666667 0.005729166666666666 0.010185185185185186
1 0.4510416666666667 0.4236111111111111 0.00625 0.010185185185185186
1 0.5236979166666667 0.3699074074074074 0.005729166666666666 0.008333333333333333
1 0.5169270833333334 0.38472222222222224 0.0046875 0.008333333333333333
1 0.5315104166666667 0.38703703703703707 0.005729166666666666 0.009259259259259259
1 0.51171875 0.4134259259259259 0.005729166666666666 0.012037037037037037
1 0.5169270833333334 0.41620370370370374 0.0046875 0.010185185185185186
1 0.5489583333333333 0.4217592592592593 0.00625 0.012037037037037037
1 0.57421875 0.44907407407407407 0.0046875 0.011111111111111112
1 0.5708333333333333 0.48194444444444445 0.00625 0.012037037037037037
1 0.5494791666666666 0.4620370370370371 0.005208333333333333 0.011111111111111112
1 0.5419270833333333 0.46064814814814814 0.005729166666666666 0.012037037037037037
1 0.5036458333333333 0.45601851851851855 0.00625 0.010185185185185186
1 0.43645833333333334 0.49074074074074076 0.005208333333333333 0.009259259259259259
1 0.5052083333333334 0.4981481481481482 0.007291666666666667 0.011111111111111112
1 0.5184895833333333 0.5449074074074074 0.005729166666666666 0.010185185185185186
1 0.42291666666666666 0.5453703703703704 0.00625 0.012962962962962964
1 0.6328125 0.5592592592592592 0.007291666666666667 0.011111111111111112
1 0.61328125 0.5620370370370371 0.005729166666666666 0.009259259259259259
1 0.5627604166666667 0.6032407407407407 0.0067708333333333336 0.008333333333333333
1 0.6052083333333333 0.6212962962962963 0.00625 0.012962962962962964
1 0.5950520833333334 0.6305555555555555 0.0067708333333333336 0.011111111111111112
1 0.7088541666666667 0.6240740740740741 0.005208333333333333 0.011111111111111112
1 0.7135416666666666 0.6606481481481482 0.007291666666666667 0.012037037037037037
1 0.6395833333333333 0.6370370370370371 0.00625 0.011111111111111112
1 0.6919270833333333 0.7560185185185185 0.0067708333333333336 0.012037037037037037
1 0.6833333333333333 0.8300925925925926 0.00625 0.012037037037037037
1 0.6703125 0.850462962962963 0.007291666666666667 0.010185185185185186
1 0.6645833333333333 0.7648148148148148 0.007291666666666667 0.011111111111111112
1 0.6104166666666666 0.7212962962962963 0.00625 0.009259259259259259
1 0.6390625 0.8268518518518518 0.00625 0.011111111111111112
1 0.61796875 0.8328703703703704 0.0067708333333333336 0.010185185185185186
1 0.596875 0.8361111111111111 0.008333333333333333 0.009259259259259259
1 0.6018229166666667 0.9731481481481482 0.0078125 0.012962962962962964
1 0.53046875 0.9439814814814815 0.0067708333333333336 0.010185185185185186
1 0.5614583333333333 0.8361111111111111 0.005208333333333333 0.011111111111111112
1 0.55703125 0.8208333333333334 0.0078125 0.010185185185185186
1 0.55703125 0.7231481481481482 0.005729166666666666 0.012962962962962964
1 0.57265625 0.6935185185185185 0.005729166666666666 0.009259259259259259
1 0.5755208333333334 0.6611111111111111 0.005208333333333333 0.011111111111111112
1 0.5484375 0.6736111111111112 0.005208333333333333 0.008333333333333333
1 0.5583333333333333 0.6847222222222222 0.00625 0.010185185185185186
1 0.5174479166666667 0.850462962962963 0.0067708333333333336 0.012037037037037037
1 0.46458333333333335 0.8837962962962963 0.004166666666666667 0.010185185185185186
1 0.34270833333333334 0.8532407407407407 0.005208333333333333 0.012037037037037037
1 0.36276041666666664 0.7000000000000001 0.005729166666666666 0.012962962962962964
1 0.3971354166666667 0.6703703703703704 0.005729166666666666 0.009259259259259259
1 0.39453125 0.7388888888888889 0.005729166666666666 0.011111111111111112
1 0.48411458333333335 0.7657407407407407 0.005729166666666666 0.009259259259259259
1 0.4622395833333333 0.7546296296296297 0.0067708333333333336 0.011111111111111112
1 0.44114583333333335 0.688425925925926 0.005208333333333333 0.008333333333333333
1 0.45286458333333335 0.6657407407407407 0.005729166666666666 0.011111111111111112
1 0.45338541666666665 0.6537037037037037 0.0067708333333333336 0.009259259259259259
1 0.47552083333333334 0.5981481481481482 0.00625 0.011111111111111112
1 0.45703125 0.5810185185185185 0.0067708333333333336 0.010185185185185186
1 0.43255208333333334 0.6055555555555556 0.0067708333333333336 0.007407407407407408
1 0.296875 0.6208333333333333 0.010416666666666666 0.01388888888888889
1 0.6078125 0.4310185185185185 0.009375 0.012037037037037037
1 0.6013020833333333 0.4759259259259259 0.0078125 0.012962962962962964
1 0.6388020833333333 0.4712962962962963 0.009895833333333333 0.011111111111111112
1 0.6372395833333333 0.4986111111111111 0.009895833333333333 0.010185185185185186
1 0.67578125 0.5300925925925926 0.013020833333333334 0.010185185185185186
0 0.48463541666666665 0.638425925925926 0.48385416666666664 0.7231481481481482
2 0.47994791666666664 0.7023148148148148 0.0005208333333333333 0.004629629629629629
3 0.48046875 0.7000000000000001 0.09427083333333333 0.14814814814814814
