1 0.4986979166666667 0.3462962962962963 0.0046875 0.007407407407407408
1 0.4747395833333333 0.37592592592592594 0.0067708333333333336 0.009259259259259259
1 0.48020833333333335 0.40925925925925927 0.00625 0.011111111111111112
1 0.5229166666666667 0.3773148148148148 0.005208333333333333 0.010185185185185186
1 0.5505208333333333 0.3611111111111111 0.005208333333333333 0.007407407407407408
1 0.5119791666666667 0.41620370370370374 0.005208333333333333 0.010185185185185186
1 0.5169270833333334 0.41944444444444445 0.0067708333333333336 0.012962962962962964
1 0.54609375 0.42453703703703705 0.0046875 0.010185185185185186
1 0.5049479166666666 0.45740740740740743 0.0078125 0.011111111111111112
1 0.5408854166666667 0.4620370370370371 0.005729166666666666 0.011111111111111112
1 0.5677083333333334 0.48055555555555557 0.008333333333333333 0.007407407407407408
1 0.6075520833333333 0.5569444444444445 0.0046875 0.012037037037037037
1 0.69453125 0.6152777777777778 0.0078125 0.012037037037037037
1 0.6997395833333333 0.6486111111111111 0.005729166666666666 0.010185185185185186
1 0.5690104166666666 0.6796296296296297 0.005729166666666666 0.011111111111111112
1 0.5557291666666666 0.6703703703703704 0.005208333333333333 0.009259259259259259
1 0.55390625 0.7064814814814815 0.0067708333333333336 0.011111111111111112
1 0.6044270833333333 0.7037037037037037 0.0046875 0.011111111111111112
1 0.65390625 0.7458333333333333 0.0067708333333333336 0.010185185185185186
1 0.6723958333333333 0.8046296296296297 0.00625 0.011111111111111112
1 0.6598958333333333 0.8217592592592593 0.005208333333333333 0.012037037037037037
1 0.6307291666666667 0.8013888888888889 0.005208333333333333 0.012037037037037037
1 0.61171875 0.8064814814814815 0.005729166666666666 0.009259259259259259
1 0.5919270833333333 0.8092592592592593 0.005729166666666666 0.011111111111111112
1 0.5552083333333333 0.7958333333333334 0.007291666666666667 0.008333333333333333
1 0.55859375 0.8115740740740741 0.005729166666666666 0.010185185185185186
1 0.596875 0.9351851851851852 0.008333333333333333 0.011111111111111112
1 0.5174479166666667 0.8245370370370371 0.0046875 0.010185185185185186
1 0.4692708333333333 0.8532407407407407 0.004166666666666667 0.012037037037037037
1 0.4869791666666667 0.7453703703703703 0.005208333333333333 0.011111111111111112
1 0.4669270833333333 0.7347222222222223 0.005729166666666666 0.008333333333333333
1 0.403125 0.7199074074074074 0.007291666666666667 0.010185185185185186
1 0.3736979166666667 0.6833333333333333 0.0067708333333333336 0.011111111111111112
1 0.6010416666666667 0.4328703703703704 0.007291666666666667 0.010185185185185186
1 0.5947916666666666 0.4759259259259259 0.007291666666666667 0.009259259259259259
1 0.6291666666666667 0.4708333333333333 0.007291666666666667 0.008333333333333333
1 0.62890625 0.4967592592592593 0.0067708333333333336 0.010185185185185186
1 0.6643229166666667 0.5268518518518519 0.009895833333333333 0.011111111111111112
0 0.4875 0.6462962962962964 0.4479166666666667 0.7074074074074075
2 0.48333333333333334 0.6870370370370371 0.004166666666666667 0.005555555555555556
3 0.48515625 0.6875 0.0890625 0.1398148148148148
