1 0.5736979166666667 0.5310185185185186 0.0067708333333333336 0.010185185185185186
1 0.5643229166666667 0.6462962962962964 0.005729166666666666 0.012962962962962964
1 0.6606770833333333 0.6231481481481481 0.0067708333333333336 0.011111111111111112
1 0.6815104166666667 0.6726851851851852 0.0067708333333333336 0.01388888888888889
1 0.46119791666666665 0.6819444444444445 0.005729166666666666 0.010185185185185186
1 0.37578125 0.75 0.0067708333333333336 0.011111111111111112
1 0.3333333333333333 0.7893518518518519 0.00625 0.010185185185185186
1 0.31197916666666664 0.8384259259259259 0.00625 0.012037037037037037
1 0.34713541666666664 0.8819444444444445 0.005729166666666666 0.010185185185185186
1 0.34869791666666666 0.9185185185185185 0.005729166666666666 0.009259259259259259
1 0.4184895833333333 0.9226851851851853 0.0067708333333333336 0.010185185185185186
1 0.54296875 0.9680555555555556 0.005729166666666666 0.010185185185185186
1 0.7151041666666667 0.9500000000000001 0.00625 0.011111111111111112
0 0.4979166666666667 0.6597222222222222 0.4822916666666667 0.6787037037037037
2 0.4888020833333333 0.7097222222222223 0.0036458333333333334 0.002777777777777778
3 0.4908854166666667 0.7064814814814815 0.09427083333333333 0.1462962962962963
