1 0.5348958333333333 0.11064814814814815 0.007291666666666667 0.008333333333333333
1 0.3419270833333333 0.12037037037037038 0.005729166666666666 0.014814814814814815
1 0.3403645833333333 0.3907407407407408 0.0078125 0.012962962962962964
1 0.33619791666666665 0.5416666666666667 0.0067708333333333336 0.012962962962962964
1 0.378125 0.5268518518518519 0.00625 0.012962962962962964
1 0.39088541666666665 0.44027777777777777 0.008854166666666666 0.012037037037037037
1 0.428125 0.5208333333333334 0.007291666666666667 0.012037037037037037
1 0.42578125 0.34814814814814815 0.0067708333333333336 0.012962962962962964
1 0.43828125 0.3472222222222222 0.0078125 0.012962962962962964
1 0.58046875 0.3236111111111111 0.0078125 0.010185185185185186
1 0.54609375 0.4305555555555556 0.0067708333333333336 0.012962962962962964
1 0.6552083333333333 0.4101851851851852 0.007291666666666667 0.012962962962962964
1 0.6638020833333333 0.4861111111111111 0.005729166666666666 0.014814814814814815
0 0.46875 0.4166666666666667 0.5520833333333334 0.8277777777777778
2 0.45859374999999997 0.4115740740740741 0.0036458333333333334 0.002777777777777778
3 0.4591145833333333 0.40925925925925927 0.1109375 0.1851851851851852
