1 0.4453125 0.3023148148148148 0.007291666666666667 0.010185185185185186
1 0.3796875 0.32546296296296295 0.00625 0.008333333333333333
1 0.453125 0.437962962962963 0.005208333333333333 0.012962962962962964
1 0.5927083333333333 0.3851851851851852 0.00625 0.011111111111111112
1 0.3880208333333333 0.5995370370370371 0.00625 0.010185185185185186
1 0.5375 0.5083333333333333 0.00625 0.011111111111111112
1 0.53828125 0.5356481481481482 0.0067708333333333336 0.012037037037037037
1 0.5502604166666667 0.5699074074074074 0.0046875 0.012037037037037037
1 0.5684895833333333 0.5717592592592593 0.005729166666666666 0.012037037037037037
1 0.47890625 0.5902777777777778 0.005729166666666666 0.008333333333333333
1 0.46640624999999997 0.6101851851851852 0.0078125 0.012962962962962964
1 0.46640624999999997 0.7328703703703704 0.0067708333333333336 0.012037037037037037
1 0.5559895833333334 0.6828703703703703 0.0067708333333333336 0.010185185185185186
1 0.5171875 0.8458333333333333 0.00625 0.010185185185185186
1 0.6619791666666667 0.7916666666666667 0.008333333333333333 0.014814814814814815
1 0.7072916666666667 0.8236111111111112 0.007291666666666667 0.01388888888888889
1 0.24192708333333332 0.8055555555555556 0.009895833333333333 0.012962962962962964
1 0.30963541666666666 0.44953703703703707 0.008854166666666666 0.012037037037037037
0 0.48593749999999997 0.5768518518518518 0.48854166666666665 0.8388888888888889
2 0.4953125 0.6296296296296297 0.0010416666666666667 0.005555555555555556
3 0.49609375 0.6240740740740741 0.10364583333333333 0.16666666666666669
