1 0.44635416666666666 0.30324074074074076 0.00625 0.010185185185185186
1 0.59375 0.3837962962962963 0.007291666666666667 0.012037037037037037
1 0.42343749999999997 0.3231481481481482 0.007291666666666667 0.009259259259259259
1 0.3802083333333333 0.32592592592592595 0.007291666666666667 0.011111111111111112
1 0.3950520833333333 0.3893518518518519 0.0067708333333333336 0.012037037037037037
1 0.35234375 0.4638888888888889 0.0078125 0.014814814814814815
1 0.4122395833333333 0.4550925925925926 0.0078125 0.010185185185185186
1 0.45416666666666666 0.43842592592592594 0.005208333333333333 0.012037037037037037
1 0.46901041666666665 0.45925925925925926 0.005729166666666666 0.011111111111111112
1 0.390625 0.49722222222222223 0.008333333333333333 0.012962962962962964
1 0.41328125 0.5120370370370371 0.005729166666666666 0.011111111111111112
1 0.36171875 0.5027777777777778 0.0078125 0.011111111111111112
1 0.3611979166666667 0.5486111111111112 0.0078125 0.010185185185185186
1 0.38697916666666665 0.5652777777777778 0.008333333333333333 0.01388888888888889
1 0.32005208333333335 0.6189814814814815 0.005729166666666666 0.012037037037037037
1 0.3888020833333333 0.6027777777777777 0.0067708333333333336 0.014814814814814815
1 0.36171875 0.6578703703703704 0.0067708333333333336 0.010185185185185186
1 0.36276041666666664 0.675 0.008854166666666666 0.011111111111111112
1 0.34296875 0.6902777777777778 0.008854166666666666 0.015740740740740743
1 0.3268229166666667 0.7458333333333333 0.0067708333333333336 0.015740740740740743
1 0.3424479166666667 0.7814814814814816 0.005729166666666666 0.012962962962962964
1 0.38203125 0.7541666666666667 0.0067708333333333336 0.012037037037037037
1 0.37890625 0.8125 0.0078125 0.012037037037037037
1 0.3875 0.8578703703703704 0.007291666666666667 0.01388888888888889
1 0.3770833333333333 0.8824074074074074 0.005208333333333333 0.011111111111111112
1 0.3890625 0.8958333333333334 0.007291666666666667 0.01388888888888889
1 0.4080729166666667 0.7944444444444445 0.0078125 0.011111111111111112
1 0.4296875 0.7907407407407407 0.00625 0.012962962962962964
1 0.42213541666666665 0.837037037037037 0.005729166666666666 0.011111111111111112
1 0.42552083333333335 0.850462962962963 0.008333333333333333 0.012037037037037037
1 0.43307291666666664 0.8384259259259259 0.0067708333333333336 0.01388888888888889
1 0.44140625 0.8402777777777778 0.0067708333333333336 0.01388888888888889
1 0.4661458333333333 0.8365740740740741 0.007291666666666667 0.01388888888888889
1 0.4421875 0.7523148148148149 0.007291666666666667 0.01388888888888889
1 0.45026041666666666 0.7384259259259259 0.0067708333333333336 0.012037037037037037
1 0.4653645833333333 0.7412037037037037 0.0067708333333333336 0.01388888888888889
1 0.5161458333333333 0.8601851851851852 0.008333333333333333 0.012962962962962964
1 0.5096354166666667 0.8180555555555555 0.0067708333333333336 0.012037037037037037
1 0.5442708333333334 0.7736111111111111 0.007291666666666667 0.010185185185185186
1 0.6625 0.7902777777777779 0.009375 0.010185185185185186
1 0.7083333333333334 0.8203703703703704 0.007291666666666667 0.012962962962962964
1 0.5223958333333333 0.7300925925925926 0.005208333333333333 0.01388888888888889
1 0.5596354166666666 0.7208333333333333 0.005729166666666666 0.012037037037037037
1 0.5557291666666666 0.6907407407407408 0.00625 0.011111111111111112
1 0.5677083333333334 0.6300925925925926 0.005208333333333333 0.008333333333333333
1 0.56796875 0.576388888888889 0.0067708333333333336 0.012037037037037037
1 0.55078125 0.5736111111111112 0.0067708333333333336 0.01388888888888889
1 0.5380208333333333 0.5370370370370371 0.00625 0.012962962962962964
1 0.5380208333333333 0.5083333333333333 0.007291666666666667 0.011111111111111112
1 0.4044270833333333 0.6324074074074074 0.0067708333333333336 0.011111111111111112
1 0.42890625 0.5907407407407408 0.0067708333333333336 0.012962962962962964
1 0.4796875 0.5939814814814816 0.00625 0.010185185185185186
1 0.4348958333333333 0.600462962962963 0.004166666666666667 0.010185185185185186
1 0.4395833333333333 0.6032407407407407 0.007291666666666667 0.01388888888888889
1 0.43359375 0.6439814814814815 0.0078125 0.010185185185185186
1 0.4666666666666667 0.6138888888888889 0.007291666666666667 0.009259259259259259
1 0.47734375 0.6064814814814815 0.0067708333333333336 0.011111111111111112
1 0.45026041666666666 0.638888888888889 0.005729166666666666 0.011111111111111112
1 0.46328125 0.6476851851851853 0.005729166666666666 0.010185185185185186
1 0.47630208333333335 0.6662037037037037 0.005729166666666666 0.01388888888888889
1 0.484375 0.6763888888888889 0.007291666666666667 0.01388888888888889
1 0.46249999999999997 0.6930555555555555 0.00625 0.012037037037037037
1 0.45078124999999997 0.6791666666666667 0.005729166666666666 0.012037037037037037
1 0.26458333333333334 0.6032407407407407 0.008333333333333333 0.012037037037037037
1 0.24322916666666666 0.8050925925925926 0.009375 0.012037037037037037
1 0.31015625 0.44953703703703707 0.0078125 0.012037037037037037
0 0.4875 0.5777777777777778 0.4895833333333333 0.8444444444444444
2 0.4942708333333333 0.6356481481481482 0.0010416666666666667 0.002777777777777778
3 0.496875 0.6305555555555555 0.103125 0.17962962962962964
