1 0.44687499999999997 0.2976851851851852 0.00625 0.012037037037037037
1 0.42421875 0.3180555555555556 0.0078125 0.012037037037037037
1 0.38177083333333334 0.32175925925925924 0.00625 0.012037037037037037
1 0.3971354166666667 0.3842592592592593 0.005729166666666666 0.011111111111111112
1 0.5953125 0.3805555555555556 0.00625 0.011111111111111112
1 0.45598958333333334 0.4337962962962963 0.0067708333333333336 0.012037037037037037
1 0.4708333333333333 0.4532407407407408 0.008333333333333333 0.012037037037037037
1 0.35234375 0.4587962962962963 0.0078125 0.015740740740740743
1 0.3614583333333333 0.4986111111111111 0.005208333333333333 0.01388888888888889
1 0.390625 0.49212962962962964 0.007291666666666667 0.012037037037037037
1 0.4140625 0.5064814814814815 0.00625 0.012962962962962964
1 0.3614583333333333 0.5439814814814815 0.00625 0.012037037037037037
1 0.3203125 0.6152777777777778 0.00625 0.008333333333333333
1 0.26588541666666665 0.6018518518518519 0.005729166666666666 0.014814814814814815
1 0.390625 0.5972222222222222 0.00625 0.011111111111111112
1 0.36328125 0.6532407407407408 0.0067708333333333336 0.01388888888888889
1 0.3442708333333333 0.775462962962963 0.007291666666666667 0.010185185185185186
1 0.3919270833333333 0.8847222222222223 0.0046875 0.010185185185185186
1 0.43255208333333334 0.7810185185185186 0.0078125 0.012037037037037037
1 0.40572916666666664 0.625925925925926 0.007291666666666667 0.011111111111111112
1 0.43671875 0.5953703703703704 0.005729166666666666 0.011111111111111112
1 0.44166666666666665 0.5967592592592593 0.00625 0.01388888888888889
1 0.4361979166666667 0.6375000000000001 0.0067708333333333336 0.012037037037037037
1 0.4518229166666667 0.6319444444444444 0.005729166666666666 0.010185185185185186
1 0.453125 0.6726851851851852 0.005208333333333333 0.012037037037037037
1 0.46901041666666665 0.7310185185185185 0.005729166666666666 0.010185185185185186
1 0.46848958333333335 0.6060185185185185 0.0067708333333333336 0.010185185185185186
1 0.4817708333333333 0.5875 0.00625 0.010185185185185186
1 0.48046875 0.5990740740740741 0.0078125 0.012962962962962964
1 0.47890625 0.6560185185185186 0.005729166666666666 0.010185185185185186
1 0.5140625 0.8023148148148148 0.007291666666666667 0.010185185185185186
1 0.5205729166666666 0.8444444444444444 0.0078125 0.012962962962962964
1 0.5479166666666666 0.7611111111111112 0.005208333333333333 0.011111111111111112
1 0.5252604166666667 0.7180555555555556 0.005729166666666666 0.010185185185185186
1 0.5627604166666667 0.7111111111111111 0.005729166666666666 0.011111111111111112
1 0.5588541666666667 0.6810185185185186 0.005208333333333333 0.01388888888888889
1 0.5708333333333333 0.6240740740740741 0.00625 0.011111111111111112
1 0.5705729166666667 0.5694444444444444 0.005729166666666666 0.011111111111111112
1 0.5526041666666667 0.5680555555555555 0.005208333333333333 0.010185185185185186
1 0.5403645833333334 0.5328703703703704 0.0067708333333333336 0.012037037037037037
1 0.5393229166666667 0.5050925925925926 0.005729166666666666 0.010185185185185186
1 0.6630208333333333 0.787962962962963 0.00625 0.011111111111111112
1 0.709375 0.8194444444444445 0.007291666666666667 0.009259259259259259
1 0.24401041666666667 0.8013888888888889 0.009895833333333333 0.012037037037037037
1 0.3109375 0.44583333333333336 0.009375 0.01388888888888889
0 0.48593749999999997 0.5708333333333333 0.490625 0.8398148148148148
2 0.4973958333333333 0.6287037037037038 0.0020833333333333333 0.003703703703703704
3 0.49947916666666664 0.6212962962962963 0.10416666666666667 0.17222222222222222
