1 0.44869791666666664 0.2976851851851852 0.008854166666666666 0.010185185185185186
1 0.4244791666666667 0.3189814814814815 0.007291666666666667 0.010185185185185186
1 0.5958333333333333 0.38101851851851853 0.005208333333333333 0.008333333333333333
1 0.38229166666666664 0.32175925925925924 0.005208333333333333 0.010185185185185186
1 0.39765625 0.3851851851851852 0.0067708333333333336 0.011111111111111112
1 0.353125 0.45787037037037037 0.005208333333333333 0.012037037037037037
1 0.45625 0.4342592592592593 0.005208333333333333 0.011111111111111112
1 0.47161458333333334 0.4532407407407408 0.0067708333333333336 0.010185185185185186
1 0.3911458333333333 0.4939814814814815 0.00625 0.01388888888888889
1 0.4140625 0.5064814814814815 0.00625 0.009259259259259259
1 0.3625 0.49953703703703706 0.009375 0.012037037037037037
1 0.3619791666666667 0.5453703703703704 0.007291666666666667 0.011111111111111112
1 0.26510416666666664 0.600925925925926 0.00625 0.012962962962962964
1 0.3203125 0.6171296296296297 0.008333333333333333 0.012037037037037037
1 0.39166666666666666 0.5990740740740741 0.007291666666666667 0.012962962962962964
1 0.40625 0.6245370370370371 0.008333333333333333 0.012037037037037037
1 0.34322916666666664 0.775462962962963 0.009375 0.012037037037037037
1 0.3919270833333333 0.8856481481481482 0.0078125 0.012037037037037037
1 0.43723958333333335 0.5953703703703704 0.005729166666666666 0.011111111111111112
1 0.4419270833333333 0.5962962962962963 0.0067708333333333336 0.011111111111111112
1 0.43645833333333334 0.638888888888889 0.008333333333333333 0.011111111111111112
1 0.45208333333333334 0.6310185185185185 0.007291666666666667 0.010185185185185186
1 0.46848958333333335 0.6074074074074074 0.005729166666666666 0.011111111111111112
1 0.4817708333333333 0.5884259259259259 0.007291666666666667 0.012037037037037037
1 0.48020833333333335 0.5995370370370371 0.007291666666666667 0.012037037037037037
1 0.4796875 0.6578703703703704 0.007291666666666667 0.012037037037037037
1 0.45286458333333335 0.6717592592592593 0.0067708333333333336 0.012037037037037037
1 0.46875 0.7314814814814815 0.007291666666666667 0.011111111111111112
1 0.5140625 0.8046296296296297 0.005208333333333333 0.011111111111111112
1 0.5205729166666666 0.8476851851851852 0.0067708333333333336 0.01388888888888889
1 0.5255208333333333 0.7203703703703704 0.007291666666666667 0.014814814814814815
1 0.5481770833333334 0.763888888888889 0.0078125 0.014814814814814815
1 0.5625 0.7115740740740741 0.008333333333333333 0.015740740740740743
1 0.5588541666666667 0.6800925925925926 0.007291666666666667 0.010185185185185186
1 0.5393229166666667 0.5050925925925926 0.0078125 0.015740740740740743
1 0.540625 0.5324074074074074 0.00625 0.012962962962962964
1 0.553125 0.5675925925925926 0.00625 0.012962962962962964
1 0.5703125 0.5694444444444444 0.007291666666666667 0.014814814814814815
1 0.6630208333333333 0.7875 0.007291666666666667 0.010185185185185186
1 0.709375 0.8189814814814815 0.007291666666666667 0.010185185185185186
1 0.24401041666666667 0.8023148148148148 0.0078125 0.010185185185185186
1 0.31197916666666664 0.44583333333333336 0.008333333333333333 0.012037037037037037
0 0.48854166666666665 0.575925925925926 0.4875 0.837037037037037
2 0.4979166666666667 0.6282407407407408 0.003125 0.004629629629629629
3 0.5002604166666667 0.625 0.10260416666666666 0.16666666666666669
