1 0.5346354166666667 0.10972222222222222 0.0067708333333333336 0.010185185185185186
1 0.34270833333333334 0.11805555555555557 0.008333333333333333 0.015740740740740743
1 0.33697916666666666 0.26666666666666666 0.008333333333333333 0.011111111111111112
1 0.3294270833333333 0.29305555555555557 0.0078125 0.017592592592592594
1 0.2942708333333333 0.3041666666666667 0.008333333333333333 0.012037037037037037
1 0.3411458333333333 0.38842592592592595 0.007291666666666667 0.01388888888888889
1 0.43124999999999997 0.24120370370370373 0.007291666666666667 0.01388888888888889
1 0.4630208333333333 0.26944444444444443 0.009375 0.011111111111111112
1 0.42526041666666664 0.3476851851851852 0.0067708333333333336 0.012037037037037037
1 0.43854166666666666 0.3462962962962963 0.007291666666666667 0.016666666666666666
1 0.4265625 0.425 0.008333333333333333 0.012962962962962964
1 0.39088541666666665 0.43842592592592594 0.008854166666666666 0.012037037037037037
1 0.265625 0.4962962962962963 0.007291666666666667 0.014814814814814815
1 0.33697916666666666 0.5416666666666667 0.007291666666666667 0.014814814814814815
1 0.37916666666666665 0.5152777777777778 0.008333333333333333 0.012037037037037037
1 0.37838541666666664 0.5268518518518519 0.0067708333333333336 0.012962962962962964
1 0.4278645833333333 0.5199074074074074 0.005729166666666666 0.012037037037037037
1 0.40078125 0.6087962962962963 0.0078125 0.012037037037037037
1 0.33177083333333335 0.7143518518518519 0.00625 0.01388888888888889
1 0.325 0.7657407407407407 0.007291666666666667 0.011111111111111112
1 0.42083333333333334 0.6694444444444445 0.00625 0.012962962962962964
1 0.4627604166666667 0.6439814814814815 0.008854166666666666 0.01388888888888889
1 0.5549479166666667 0.6097222222222223 0.008854166666666666 0.015740740740740743
1 0.5455729166666666 0.4310185185185185 0.0078125 0.015740740740740743
1 0.5809895833333333 0.3236111111111111 0.0078125 0.01388888888888889
1 0.6515625 0.3625 0.009375 0.017592592592592594
1 0.65625 0.40694444444444444 0.00625 0.01388888888888889
1 0.6651041666666666 0.4842592592592593 0.008333333333333333 0.016666666666666666
1 0.28072916666666664 0.2175925925925926 0.008333333333333333 0.018518518518518517
0 0.4666666666666667 0.4166666666666667 0.5520833333333334 0.8314814814814815
2 0.4575520833333333 0.4115740740740741 0.0036458333333333334 0.002777777777777778
3 0.4591145833333333 0.4083333333333333 0.11302083333333333 0.1962962962962963
