1 0.5346354166666667 0.1125 0.005729166666666666 0.010185185185185186
1 0.3424479166666667 0.11851851851851852 0.005729166666666666 0.012962962962962964
1 0.46328125 0.27037037037037037 0.009895833333333333 0.011111111111111112
1 0.58046875 0.32592592592592595 0.005729166666666666 0.012962962962962964
1 0.65625 0.40972222222222227 0.00625 0.01388888888888889
1 0.6651041666666666 0.4861111111111111 0.007291666666666667 0.014814814814814815
1 0.5458333333333333 0.4328703703703704 0.005208333333333333 0.010185185185185186
1 0.5549479166666667 0.6101851851851852 0.008854166666666666 0.012962962962962964
1 0.46328125 0.6453703703703704 0.0078125 0.012962962962962964
1 0.4388020833333333 0.3472222222222222 0.0067708333333333336 0.009259259259259259
1 0.425 0.34861111111111115 0.00625 0.01388888888888889
1 0.42682291666666666 0.42824074074074076 0.0067708333333333336 0.015740740740740743
1 0.428125 0.5236111111111111 0.007291666666666667 0.01388888888888889
1 0.42161458333333335 0.6722222222222223 0.0067708333333333336 0.012962962962962964
1 0.4010416666666667 0.6101851851851852 0.007291666666666667 0.014814814814814815
1 0.390625 0.44027777777777777 0.007291666666666667 0.010185185185185186
1 0.3794270833333333 0.5152777777777778 0.008854166666666666 0.012037037037037037
1 0.378125 0.5300925925925926 0.00625 0.012037037037037037
1 0.33671875 0.5412037037037037 0.005729166666666666 0.01388888888888889
1 0.340625 0.3907407407407408 0.007291666666666667 0.012962962962962964
1 0.325 0.7671296296296296 0.00625 0.012037037037037037
0 0.46770833333333334 0.4185185185185185 0.5520833333333334 0.8314814814814815
2 0.4583333333333333 0.41064814814814815 0.0010416666666666667 0.004629629629629629
3 0.4596354166666667 0.40740740740740744 0.10989583333333333 0.19814814814814816
