1 0.5346354166666667 0.11296296296296297 0.005729166666666666 0.009259259259259259
1 0.3442708333333333 0.12407407407407407 0.007291666666666667 0.012962962962962964
1 0.5802083333333333 0.3263888888888889 0.008333333333333333 0.010185185185185186
1 0.6549479166666666 0.41250000000000003 0.0067708333333333336 0.01388888888888889
1 0.66484375 0.48703703703703705 0.008854166666666666 0.012962962962962964
1 0.5463541666666667 0.4351851851851852 0.007291666666666667 0.011111111111111112
1 0.5546875 0.6111111111111112 0.00625 0.012962962962962964
1 0.4627604166666667 0.6458333333333334 0.0078125 0.012037037037037037
1 0.421875 0.675 0.00625 0.012962962962962964
1 0.42916666666666664 0.5259259259259259 0.00625 0.012962962962962964
1 0.42682291666666666 0.4310185185185185 0.0067708333333333336 0.012037037037037037
1 0.4395833333333333 0.3509259259259259 0.007291666666666667 0.012962962962962964
1 0.42604166666666665 0.35370370370370374 0.008333333333333333 0.012962962962962964
1 0.3421875 0.3925925925925926 0.00625 0.009259259259259259
1 0.3372395833333333 0.5444444444444445 0.005729166666666666 0.009259259259259259
1 0.3911458333333333 0.4430555555555556 0.00625 0.012037037037037037
1 0.37916666666666665 0.5189814814814815 0.008333333333333333 0.012037037037037037
1 0.37864583333333335 0.5319444444444444 0.007291666666666667 0.012037037037037037
1 0.3255208333333333 0.7685185185185186 0.00625 0.012962962962962964
0 0.4666666666666667 0.4166666666666667 0.5520833333333334 0.8314814814814815
2 0.4591145833333333 0.4138888888888889 0.0026041666666666665 0.001851851851851852
3 0.4596354166666667 0.40972222222222227 0.10989583333333333 0.18981481481481483
