1 0.4432291666666667 0.3037037037037037 0.00625 0.007407407407407408
1 0.5908854166666666 0.3875 0.005729166666666666 0.010185185185185186
1 0.5346354166666667 0.5101851851851852 0.0046875 0.012962962962962964
1 0.54921875 0.5731481481481482 0.005729166666666666 0.012962962962962964
1 0.5669270833333333 0.5745370370370371 0.0078125 0.010185185185185186
1 0.6598958333333333 0.7912037037037037 0.005208333333333333 0.012037037037037037
1 0.7059895833333333 0.8236111111111112 0.008854166666666666 0.01388888888888889
1 0.51640625 0.8472222222222222 0.0067708333333333336 0.012962962962962964
1 0.46510416666666665 0.7342592592592593 0.008333333333333333 0.014814814814814815
1 0.47734375 0.5921296296296297 0.0078125 0.01388888888888889
1 0.46484375 0.611574074074074 0.0067708333333333336 0.010185185185185186
1 0.38645833333333335 0.6023148148148149 0.007291666666666667 0.012037037037037037
1 0.23932291666666666 0.8069444444444445 0.0109375 0.01388888888888889
1 0.3078125 0.45231481481481484 0.010416666666666666 0.012037037037037037
0 0.48515625 0.5800925925925926 0.4901041666666667 0.837962962962963
2 0.49322916666666666 0.6273148148148149 0.003125 0.002777777777777778
3 0.49557291666666664 0.6296296296296297 0.10260416666666666 0.1685185185185185
