1 0.4427083333333333 0.30324074074074076 0.007291666666666667 0.010185185185185186
1 0.5901041666666667 0.38842592592592595 0.00625 0.012037037037037037
1 0.4515625 0.4393518518518519 0.00625 0.01388888888888889
1 0.5354166666666667 0.5092592592592593 0.00625 0.012962962962962964
1 0.5361979166666666 0.5365740740740741 0.0067708333333333336 0.01388888888888889
1 0.5484375 0.5712962962962963 0.00625 0.011111111111111112
1 0.5666666666666667 0.5745370370370371 0.007291666666666667 0.012037037037037037
1 0.5544270833333333 0.6861111111111111 0.0078125 0.012962962962962964
1 0.66015625 0.7902777777777779 0.0067708333333333336 0.010185185185185186
1 0.7057291666666666 0.8226851851851852 0.008333333333333333 0.015740740740740743
1 0.5166666666666666 0.8486111111111111 0.007291666666666667 0.01388888888888889
1 0.4653645833333333 0.7356481481481482 0.0078125 0.015740740740740743
1 0.4778645833333333 0.5949074074074074 0.005729166666666666 0.010185185185185186
1 0.46510416666666665 0.6129629629629629 0.007291666666666667 0.012962962962962964
1 0.38697916666666665 0.6032407407407407 0.008333333333333333 0.010185185185185186
1 0.240625 0.8078703703703703 0.009375 0.012037037037037037
1 0.3078125 0.4532407407407408 0.009375 0.012037037037037037
0 0.48463541666666665 0.575925925925926 0.4953125 0.8296296296296297
2 0.49322916666666666 0.6296296296296297 0.003125 0.001851851851851852
3 0.4942708333333333 0.6277777777777778 0.10520833333333333 0.1685185185185185
