1 0.5346354166666667 0.11064814814814815 0.0067708333333333336 0.010185185185185186
1 0.340625 0.1175925925925926 0.007291666666666667 0.011111111111111112
1 0.33984375 0.38842592592592595 0.008854166666666666 0.012037037037037037
1 0.39010416666666664 0.4398148148148148 0.007291666666666667 0.011111111111111112
1 0.4265625 0.5212962962962964 0.007291666666666667 0.016666666666666666
1 0.4375 0.34444444444444444 0.007291666666666667 0.011111111111111112
1 0.57890625 0.325 0.008854166666666666 0.012962962962962964
1 0.5450520833333333 0.4305555555555556 0.0078125 0.014814814814814815
1 0.6627604166666666 0.4828703703703704 0.0109375 0.015740740740740743
0 0.46848958333333335 0.41435185185185186 0.5484375 0.8231481481481482
2 0.4575520833333333 0.41064814814814815 0.005729166666666666 0.004629629629629629
3 0.46015625 0.4064814814814815 0.1109375 0.1962962962962963
