1 0.44687499999999997 0.2976851851851852 0.005208333333333333 0.006481481481481482
1 0.42421875 0.3189814814814815 0.005729166666666666 0.006481481481481482
1 0.38255208333333335 0.32222222222222224 0.0067708333333333336 0.011111111111111112
1 0.3966145833333333 0.3842592592592593 0.0067708333333333336 0.007407407407407408
1 0.353125 0.45972222222222225 0.007291666666666667 0.012037037037037037
1 0.3614583333333333 0.4990740740740741 0.005208333333333333 0.009259259259259259
1 0.3619791666666667 0.5453703703703704 0.008333333333333333 0.009259259259259259
1 0.390625 0.4939814814814815 0.005208333333333333 0.012037037037037037
1 0.41380208333333335 0.4518518518518519 0.005729166666666666 0.011111111111111112
1 0.4557291666666667 0.4351851851851852 0.00625 0.011111111111111112
1 0.4708333333333333 0.45416666666666666 0.00625 0.010185185185185186
1 0.59453125 0.3814814814814815 0.0067708333333333336 0.011111111111111112
1 0.5393229166666667 0.5060185185185185 0.0067708333333333336 0.010185185185185186
1 0.41380208333333335 0.5069444444444444 0.0046875 0.012037037037037037
1 0.39010416666666664 0.5986111111111111 0.00625 0.012037037037037037
1 0.31953125 0.6166666666666667 0.0067708333333333336 0.012962962962962964
1 0.36302083333333335 0.6555555555555556 0.007291666666666667 0.011111111111111112
1 0.34322916666666664 0.6865740740740741 0.007291666666666667 0.012037037037037037
1 0.34270833333333334 0.7777777777777778 0.007291666666666667 0.011111111111111112
1 0.40546875 0.6268518518518519 0.005729166666666666 0.012962962962962964
1 0.43046875 0.587037037037037 0.005729166666666666 0.009259259259259259
1 0.4375 0.5958333333333333 0.005208333333333333 0.010185185185185186
1 0.44140625 0.5972222222222222 0.005729166666666666 0.011111111111111112
1 0.4359375 0.638425925925926 0.008333333333333333 0.012037037037037037
1 0.43255208333333334 0.7824074074074074 0.0067708333333333336 0.011111111111111112
1 0.39140625 0.8861111111111112 0.0067708333333333336 0.014814814814814815
1 0.45234375 0.6328703703703704 0.005729166666666666 0.010185185185185186
1 0.453125 0.6736111111111112 0.00625 0.010185185185185186
1 0.46432291666666664 0.6837962962962963 0.005729166666666666 0.012037037037037037
1 0.46901041666666665 0.7314814814814815 0.0078125 0.014814814814814815
1 0.4640625 0.6412037037037037 0.005208333333333333 0.010185185185185186
1 0.4786458333333333 0.6583333333333333 0.00625 0.012962962962962964
1 0.46796875 0.6064814814814815 0.0067708333333333336 0.012962962962962964
1 0.48151041666666666 0.5884259259259259 0.005729166666666666 0.010185185185185186
1 0.47942708333333334 0.5995370370370371 0.005729166666666666 0.010185185185185186
1 0.53984375 0.5319444444444444 0.0067708333333333336 0.01388888888888889
1 0.5528645833333333 0.5685185185185185 0.0067708333333333336 0.011111111111111112
1 0.5703125 0.5694444444444444 0.007291666666666667 0.012962962962962964
1 0.5700520833333333 0.6245370370370371 0.0046875 0.010185185185185186
1 0.5591145833333333 0.6814814814814815 0.005729166666666666 0.011111111111111112
1 0.5625 0.7115740740740741 0.005208333333333333 0.010185185185185186
1 0.525 0.7199074074074074 0.005208333333333333 0.010185185185185186
1 0.5471354166666667 0.762962962962963 0.0046875 0.009259259259259259
1 0.66328125 0.788425925925926 0.0078125 0.01388888888888889
1 0.5138020833333333 0.8050925925925926 0.0067708333333333336 0.010185185185185186
1 0.5200520833333333 0.8467592592592593 0.0067708333333333336 0.012037037037037037
1 0.26536458333333335 0.600925925925926 0.005729166666666666 0.012962962962962964
1 0.7098958333333333 0.8185185185185185 0.005208333333333333 0.007407407407407408
1 0.24401041666666667 0.8023148148148148 0.008854166666666666 0.012037037037037037
1 0.31171875 0.4467592592592593 0.008854166666666666 0.012037037037037037
0 0.48854166666666665 0.5750000000000001 0.49166666666666664 0.8444444444444444
2 0.4973958333333333 0.6273148148148149 0.0 0.002777777777777778
3 0.49947916666666664 0.6217592592592592 0.10416666666666667 0.17314814814814816
