1 0.53515625 0.1125 0.0078125 0.012037037037037037
1 0.34270833333333334 0.11944444444444445 0.007291666666666667 0.012962962962962964
1 0.43124999999999997 0.24166666666666667 0.007291666666666667 0.011111111111111112
1 0.46328125 0.2712962962962963 0.008854166666666666 0.012962962962962964
1 0.5807291666666666 0.3263888888888889 0.008333333333333333 0.01388888888888889
1 0.6502604166666667 0.36435185185185187 0.009895833333333333 0.01388888888888889
1 0.65625 0.41111111111111115 0.007291666666666667 0.014814814814814815
1 0.6643229166666667 0.4861111111111111 0.0067708333333333336 0.014814814814814815
1 0.5471354166666667 0.4324074074074074 0.0078125 0.012962962962962964
1 0.5549479166666667 0.6101851851851852 0.0078125 0.011111111111111112
1 0.4640625 0.6453703703703704 0.010416666666666666 0.016666666666666666
1 0.4283854166666667 0.5222222222222223 0.0078125 0.011111111111111112
1 0.42682291666666666 0.4273148148148148 0.008854166666666666 0.01388888888888889
1 0.42552083333333335 0.34861111111111115 0.00625 0.01388888888888889
1 0.43854166666666666 0.34861111111111115 0.007291666666666667 0.01388888888888889
1 0.3919270833333333 0.44074074074074077 0.008854166666666666 0.016666666666666666
1 0.3794270833333333 0.5157407407407407 0.0067708333333333336 0.012962962962962964
1 0.3776041666666667 0.5287037037037037 0.007291666666666667 0.014814814814814815
1 0.4 0.6106481481481482 0.008333333333333333 0.012037037037037037
1 0.421875 0.6722222222222223 0.008333333333333333 0.014814814814814815
1 0.32578125 0.7675925925925926 0.0067708333333333336 0.012962962962962964
1 0.33697916666666666 0.5398148148148149 0.007291666666666667 0.012962962962962964
1 0.34088541666666666 0.3902777777777778 0.008854166666666666 0.01388888888888889
1 0.2947916666666667 0.30648148148148147 0.008333333333333333 0.012962962962962964
0 0.4692708333333333 0.41574074074074074 0.5510416666666667 0.8296296296296297
2 0.45729166666666665 0.4101851851851852 0.0010416666666666667 0.003703703703703704
3 0.46015625 0.41250000000000003 0.1109375 0.19166666666666668
