1 0.53515625 0.11342592592592593 0.005729166666666666 0.010185185185185186
1 0.5794270833333334 0.3236111111111111 0.0067708333333333336 0.012037037037037037
1 0.65625 0.41111111111111115 0.005208333333333333 0.011111111111111112
1 0.6638020833333333 0.4861111111111111 0.0078125 0.014814814814814815
1 0.5463541666666667 0.4324074074074074 0.00625 0.012962962962962964
1 0.5541666666666667 0.6111111111111112 0.008333333333333333 0.012962962962962964
1 0.4635416666666667 0.6453703703703704 0.009375 0.012962962962962964
1 0.42135416666666664 0.6717592592592593 0.007291666666666667 0.012037037037037037
1 0.32526041666666666 0.7680555555555556 0.0078125 0.012037037037037037
1 0.4283854166666667 0.5240740740740741 0.0078125 0.014814814814814815
1 0.4388020833333333 0.34814814814814815 0.0067708333333333336 0.012962962962962964
1 0.425 0.35000000000000003 0.007291666666666667 0.012962962962962964
1 0.34348958333333335 0.12083333333333333 0.0067708333333333336 0.010185185185185186
1 0.34010416666666665 0.3907407407407408 0.008333333333333333 0.012962962962962964
1 0.3911458333333333 0.44074074074074077 0.00625 0.012962962962962964
1 0.37916666666666665 0.5166666666666667 0.008333333333333333 0.012962962962962964
1 0.37864583333333335 0.5300925925925926 0.007291666666666667 0.01388888888888889
1 0.3375 0.5416666666666667 0.007291666666666667 0.012962962962962964
0 0.46901041666666665 0.4203703703703704 0.5494791666666666 0.8314814814814815
2 0.4575520833333333 0.41250000000000003 0.0036458333333333334 0.004629629629629629
3 0.4596354166666667 0.41064814814814815 0.10989583333333333 0.1953703703703704
