1 0.44609375 0.3023148148148148 0.005729166666666666 0.006481481481481482
1 0.42343749999999997 0.3231481481481482 0.00625 0.009259259259259259
1 0.3807291666666667 0.325 0.005208333333333333 0.009259259259259259
1 0.39453125 0.38703703703703707 0.005729166666666666 0.009259259259259259
1 0.59375 0.3824074074074074 0.00625 0.009259259259259259
1 0.4536458333333333 0.4375 0.00625 0.012037037037037037
1 0.46796875 0.45833333333333337 0.005729166666666666 0.011111111111111112
1 0.4122395833333333 0.45416666666666666 0.0067708333333333336 0.01388888888888889
1 0.3515625 0.46296296296296297 0.00625 0.012962962962962964
1 0.36041666666666666 0.5023148148148149 0.005208333333333333 0.010185185185185186
1 0.3893229166666667 0.4962962962962963 0.005729166666666666 0.011111111111111112
1 0.4125 0.5106481481481482 0.00625 0.012037037037037037
1 0.36041666666666666 0.5486111111111112 0.008333333333333333 0.012037037037037037
1 0.38671875 0.563425925925926 0.005729166666666666 0.010185185185185186
1 0.3885416666666667 0.6032407407407407 0.00625 0.01388888888888889
1 0.31979166666666664 0.6189814814814815 0.005208333333333333 0.010185185185185186
1 0.3609375 0.6574074074074074 0.008333333333333333 0.012962962962962964
1 0.3619791666666667 0.674074074074074 0.007291666666666667 0.012962962962962964
1 0.34322916666666664 0.6912037037037038 0.005208333333333333 0.010185185185185186
1 0.3260416666666667 0.7462962962962963 0.00625 0.011111111111111112
1 0.3424479166666667 0.7805555555555556 0.005729166666666666 0.012962962962962964
1 0.38255208333333335 0.7550925925925926 0.005729166666666666 0.012037037037037037
1 0.37838541666666664 0.8138888888888889 0.0067708333333333336 0.014814814814814815
1 0.38697916666666665 0.8597222222222223 0.00625 0.01388888888888889
1 0.38828125 0.8962962962962964 0.005729166666666666 0.014814814814814815
1 0.37604166666666666 0.8833333333333334 0.005208333333333333 0.012962962962962964
1 0.40703125 0.7935185185185185 0.0067708333333333336 0.011111111111111112
1 0.40338541666666666 0.6310185185185185 0.0067708333333333336 0.010185185185185186
1 0.42864583333333334 0.5916666666666667 0.00625 0.011111111111111112
1 0.434375 0.6 0.004166666666666667 0.011111111111111112
1 0.4388020833333333 0.6023148148148149 0.0067708333333333336 0.010185185185185186
1 0.4328125 0.6435185185185185 0.005208333333333333 0.011111111111111112
1 0.42942708333333335 0.7898148148148149 0.0078125 0.011111111111111112
1 0.42109375 0.8351851851851853 0.0067708333333333336 0.009259259259259259
1 0.425 0.850462962962963 0.005208333333333333 0.01388888888888889
1 0.4317708333333333 0.8384259259259259 0.004166666666666667 0.010185185185185186
1 0.44036458333333334 0.8416666666666667 0.005729166666666666 0.011111111111111112
1 0.46432291666666664 0.837962962962963 0.005729166666666666 0.012962962962962964
1 0.44114583333333335 0.750925925925926 0.007291666666666667 0.012962962962962964
1 0.44895833333333335 0.7393518518518519 0.00625 0.01388888888888889
1 0.46380208333333334 0.7412037037037037 0.0067708333333333336 0.012037037037037037
1 0.4614583333333333 0.6921296296296297 0.00625 0.012037037037037037
1 0.44895833333333335 0.6787037037037037 0.007291666666666667 0.009259259259259259
1 0.44947916666666665 0.6393518518518518 0.005208333333333333 0.012037037037037037
1 0.46119791666666665 0.6476851851851853 0.005729166666666666 0.012037037037037037
1 0.465625 0.6129629629629629 0.007291666666666667 0.011111111111111112
1 0.47812499999999997 0.5925925925925926 0.00625 0.009259259259259259
1 0.4765625 0.6060185185185185 0.00625 0.012037037037037037
1 0.4747395833333333 0.6643518518518519 0.0067708333333333336 0.010185185185185186
1 0.48333333333333334 0.6759259259259259 0.007291666666666667 0.011111111111111112
1 0.5213541666666667 0.7324074074074074 0.00625 0.012962962962962964
1 0.50859375 0.8199074074074074 0.005729166666666666 0.012037037037037037
1 0.5153645833333333 0.8625 0.005729166666666666 0.01388888888888889
1 0.5223958333333333 0.9935185185185186 0.00625 0.009259259259259259
1 0.5421875 0.775462962962963 0.00625 0.008333333333333333
1 0.5580729166666667 0.7222222222222222 0.005729166666666666 0.011111111111111112
1 0.5544270833333333 0.6921296296296297 0.005729166666666666 0.012037037037037037
1 0.5658854166666667 0.6324074074074074 0.005729166666666666 0.011111111111111112
1 0.56796875 0.5768518518518518 0.005729166666666666 0.011111111111111112
1 0.54921875 0.575462962962963 0.005729166666666666 0.012037037037037037
1 0.5372395833333333 0.537962962962963 0.005729166666666666 0.011111111111111112
1 0.5372395833333333 0.5097222222222222 0.0067708333333333336 0.01388888888888889
1 0.26536458333333335 0.6041666666666667 0.005729166666666666 0.010185185185185186
1 0.6622395833333333 0.7898148148148149 0.0067708333333333336 0.011111111111111112
1 0.70859375 0.8222222222222223 0.005729166666666666 0.009259259259259259
1 0.24270833333333333 0.8041666666666667 0.010416666666666666 0.010185185185185186
1 0.3104166666666667 0.44907407407407407 0.008333333333333333 0.011111111111111112
0 0.4864583333333333 0.5750000000000001 0.4895833333333333 0.8425925925925927
2 0.49374999999999997 0.6305555555555555 0.0 0.003703703703703704
3 0.49635416666666665 0.6337962962962963 0.10416666666666667 0.17685185185185187
