1 0.44687499999999997 0.2976851851851852 0.005208333333333333 0.010185185185185186
1 0.5934895833333333 0.38287037037037036 0.005729166666666666 0.010185185185185186
1 0.4239583333333333 0.3199074074074074 0.00625 0.010185185185185186
1 0.38046875 0.3226851851851852 0.0078125 0.010185185185185186
1 0.39557291666666666 0.3851851851851852 0.0067708333333333336 0.012962962962962964
1 0.3515625 0.4601851851851852 0.007291666666666667 0.012962962962962964
1 0.3609375 0.5018518518518519 0.00625 0.011111111111111112
1 0.3614583333333333 0.5458333333333334 0.00625 0.010185185185185186
1 0.31953125 0.6175925925925926 0.005729166666666666 0.011111111111111112
1 0.3893229166666667 0.5995370370370371 0.0067708333333333336 0.012037037037037037
1 0.34322916666666664 0.7768518518518519 0.007291666666666667 0.011111111111111112
1 0.4044270833333333 0.6263888888888889 0.0067708333333333336 0.010185185185185186
1 0.38958333333333334 0.4939814814814815 0.007291666666666667 0.012037037037037037
1 0.41354166666666664 0.5078703703703704 0.007291666666666667 0.010185185185185186
1 0.4552083333333333 0.4337962962962963 0.005208333333333333 0.010185185185185186
1 0.46979166666666666 0.4550925925925926 0.00625 0.012037037037037037
1 0.43645833333333334 0.5962962962962963 0.004166666666666667 0.011111111111111112
1 0.44114583333333335 0.5976851851851852 0.005208333333333333 0.012037037037037037
1 0.4354166666666667 0.6375000000000001 0.008333333333333333 0.012037037037037037
1 0.46796875 0.7310185185185185 0.0067708333333333336 0.012037037037037037
1 0.5127604166666666 0.8023148148148148 0.0067708333333333336 0.012037037037037037
1 0.5192708333333333 0.8439814814814816 0.00625 0.010185185185185186
1 0.46822916666666664 0.6074074074074074 0.00625 0.009259259259259259
1 0.48125 0.5875 0.00625 0.010185185185185186
1 0.47890625 0.600462962962963 0.0067708333333333336 0.010185185185185186
1 0.5380208333333333 0.5064814814814815 0.00625 0.011111111111111112
1 0.5395833333333333 0.5337962962962963 0.00625 0.010185185185185186
1 0.55234375 0.5680555555555555 0.005729166666666666 0.010185185185185186
1 0.5700520833333333 0.5699074074074074 0.0067708333333333336 0.01388888888888889
1 0.5580729166666667 0.6800925925925926 0.0067708333333333336 0.012037037037037037
1 0.6630208333333333 0.7870370370370371 0.008333333333333333 0.012962962962962964
1 0.26536458333333335 0.6037037037037037 0.005729166666666666 0.011111111111111112
1 0.7088541666666667 0.8185185185185185 0.00625 0.009259259259259259
1 0.24322916666666666 0.8046296296296297 0.009375 0.011111111111111112
1 0.3104166666666667 0.4476851851851852 0.008333333333333333 0.010185185185185186
0 0.4861979166666667 0.5722222222222223 0.4921875 0.8333333333333334
2 0.49713541666666666 0.6277777777777778 0.0046875 0.001851851851851852
3 0.4979166666666667 0.6217592592592592 0.103125 0.17314814814814816
