1 0.47239583333333335 0.2351851851851852 0.0125 0.018518518518518517
1 0.4588541666666667 0.24675925925925926 0.011458333333333333 0.019444444444444445
1 0.41822916666666665 0.2625 0.011458333333333333 0.017592592592592594
1 0.403125 0.3476851851851852 0.0125 0.017592592592592594
1 0.5583333333333333 0.40972222222222227 0.011458333333333333 0.015740740740740743
1 0.5109375 0.44027777777777777 0.0125 0.017592592592592594
1 0.53203125 0.46944444444444444 0.011979166666666666 0.018518518518518517
1 0.5166666666666666 0.4902777777777778 0.011458333333333333 0.019444444444444445
1 0.5489583333333333 0.5055555555555555 0.009375 0.016666666666666666
1 0.4236979166666667 0.4726851851851852 0.009895833333333333 0.015740740740740743
1 0.37578125 0.5550925925925926 0.009895833333333333 0.017592592592592594
1 0.50625 0.5393518518518519 0.009375 0.01388888888888889
1 0.4067708333333333 0.6722222222222223 0.010416666666666666 0.016666666666666666
1 0.5208333333333334 0.6837962962962963 0.011458333333333333 0.019444444444444445
1 0.4361979166666667 0.85 0.009895833333333333 0.018518518518518517
0 0.44036458333333334 0.47962962962962963 0.5369791666666667 0.8740740740740741
2 0.43255208333333334 0.5337962962962963 0.0026041666666666665 0.004629629629629629
3 0.4356770833333333 0.5328703703703704 0.10885416666666667 0.18055555555555555
