1 0.5588541666666667 0.41111111111111115 0.010416666666666666 0.014814814814814815
1 0.5111979166666667 0.44351851851851853 0.011979166666666666 0.016666666666666666
1 0.534375 0.47175925925925927 0.010416666666666666 0.015740740740740743
1 0.5174479166666667 0.4902777777777778 0.0109375 0.015740740740740743
1 0.50625 0.5407407407407407 0.010416666666666666 0.012962962962962964
1 0.54921875 0.5069444444444444 0.0109375 0.017592592592592594
1 0.5216145833333333 0.6847222222222222 0.0109375 0.015740740740740743
1 0.40625 0.6717592592592593 0.0125 0.017592592592592594
1 0.43697916666666664 0.850462962962963 0.011458333333333333 0.017592592592592594
0 0.4401041666666667 0.48055555555555557 0.540625 0.8722222222222222
2 0.43307291666666664 0.5337962962962963 0.0015625 0.000925925925925926
3 0.43463541666666666 0.5324074074074074 0.10885416666666667 0.1851851851851852
