1 0.47213541666666664 0.24074074074074076 0.0109375 0.020370370370370372
1 0.41744791666666664 0.26944444444444443 0.013020833333333334 0.018518518518518517
1 0.42421875 0.47824074074074074 0.008854166666666666 0.015740740740740743
1 0.5111979166666667 0.4467592592592593 0.011979166666666666 0.017592592592592594
1 0.5578125 0.4152777777777778 0.011458333333333333 0.015740740740740743
1 0.5333333333333333 0.47500000000000003 0.010416666666666666 0.014814814814814815
1 0.5169270833333334 0.49583333333333335 0.008854166666666666 0.017592592592592594
1 0.54921875 0.5125000000000001 0.0109375 0.017592592592592594
1 0.50546875 0.5462962962962963 0.009895833333333333 0.016666666666666666
1 0.37604166666666666 0.5606481481481481 0.010416666666666666 0.01388888888888889
1 0.40729166666666666 0.6782407407407408 0.009375 0.017592592592592594
1 0.52109375 0.6888888888888889 0.0109375 0.018518518518518517
1 0.43697916666666664 0.8564814814814815 0.011458333333333333 0.016666666666666666
0 0.4434895833333333 0.4851851851851852 0.5401041666666666 0.8703703703703703
2 0.4317708333333333 0.5370370370370371 0.003125 0.005555555555555556
3 0.43359375 0.5412037037037037 0.11302083333333333 0.18055555555555555
